0,1970,1,1,0,0,0
1,1970,1,1,0,0,1
2,1970,1,1,0,0,2
3,1970,1,1,0,0,3
4,1970,1,1,0,0,4
5,1970,1,1,0,0,5
6,1970,1,1,0,0,6
7,1970,1,1,0,0,7
8,1970,1,1,0,0,8
9,1970,1,1,0,0,9
10,1970,1,1,0,0,10
11,1970,1,1,0,0,11
12,1970,1,1,0,0,12
13,1970,1,1,0,0,13
14,1970,1,1,0,0,14
15,1970,1,1,0,0,15
16,1970,1,1,0,0,16
17,1970,1,1,0,0,17
18,1970,1,1,0,0,18
19,1970,1,1,0,0,19
20,1970,1,1,0,0,20
21,1970,1,1,0,0,21
22,1970,1,1,0,0,22
23,1970,1,1,0,0,23
24,1970,1,1,0,0,24
25,1970,1,1,0,0,25
26,1970,1,1,0,0,26
27,1970,1,1,0,0,27
28,1970,1,1,0,0,28
29,1970,1,1,0,0,29
30,1970,1,1,0,0,30
31,1970,1,1,0,0,31
32,1970,1,1,0,0,32
33,1970,1,1,0,0,33
34,1970,1,1,0,0,34
35,1970,1,1,0,0,35
36,1970,1,1,0,0,36
37,1970,1,1,0,0,37
38,1970,1,1,0,0,38
39,1970,1,1,0,0,39
40,1970,1,1,0,0,40
41,1970,1,1,0,0,41
42,1970,1,1,0,0,42
43,1970,1,1,0,0,43
44,1970,1,1,0,0,44
45,1970,1,1,0,0,45
46,1970,1,1,0,0,46
47,1970,1,1,0,0,47
48,1970,1,1,0,0,48
49,1970,1,1,0,0,49
50,1970,1,1,0,0,50
51,1970,1,1,0,0,51
52,1970,1,1,0,0,52
53,1970,1,1,0,0,53
54,1970,1,1,0,0,54
55,1970,1,1,0,0,55
56,1970,1,1,0,0,56
57,1970,1,1,0,0,57
58,1970,1,1,0,0,58
59,1970,1,1,0,0,59
60,1970,1,1,0,1,0
61,1970,1,1,0,1,1
62,1970,1,1,0,1,2
63,1970,1,1,0,1,3
64,1970,1,1,0,1,4
65,1970,1,1,0,1,5
66,1970,1,1,0,1,6
67,1970,1,1,0,1,7
68,1970,1,1,0,1,8
69,1970,1,1,0,1,9
70,1970,1,1,0,1,10
71,1970,1,1,0,1,11
72,1970,1,1,0,1,12
73,1970,1,1,0,1,13
74,1970,1,1,0,1,14
75,1970,1,1,0,1,15
76,1970,1,1,0,1,16
77,1970,1,1,0,1,17
78,1970,1,1,0,1,18
79,1970,1,1,0,1,19
80,1970,1,1,0,1,20
81,1970,1,1,0,1,21
82,1970,1,1,0,1,22
83,1970,1,1,0,1,23
84,1970,1,1,0,1,24
85,1970,1,1,0,1,25
86,1970,1,1,0,1,26
87,1970,1,1,0,1,27
88,1970,1,1,0,1,28
89,1970,1,1,0,1,29
90,1970,1,1,0,1,30
91,1970,1,1,0,1,31
92,1970,1,1,0,1,32
93,1970,1,1,0,1,33
94,1970,1,1,0,1,34
95,1970,1,1,0,1,35
96,1970,1,1,0,1,36
97,1970,1,1,0,1,37
98,1970,1,1,0,1,38
99,1970,1,1,0,1,39
100,1970,1,1,0,1,40
101,1970,1,1,0,1,41
102,1970,1,1,0,1,42
103,1970,1,1,0,1,43
104,1970,1,1,0,1,44
105,1970,1,1,0,1,45
106,1970,1,1,0,1,46
107,1970,1,1,0,1,47
108,1970,1,1,0,1,48
109,1970,1,1,0,1,49
110,1970,1,1,0,1,50
111,1970,1,1,0,1,51
112,1970,1,1,0,1,52
113,1970,1,1,0,1,53
114,1970,1,1,0,1,54
115,1970,1,1,0,1,55
116,1970,1,1,0,1,56
117,1970,1,1,0,1,57
118,1970,1,1,0,1,58
119,1970,1,1,0,1,59
120,1970,1,1,0,2,0
121,1970,1,1,0,2,1
122,1970,1,1,0,2,2
123,1970,1,1,0,2,3
124,1970,1,1,0,2,4
125,1970,1,1,0,2,5
126,1970,1,1,0,2,6
127,1970,1,1,0,2,7
128,1970,1,1,0,2,8
129,1970,1,1,0,2,9
130,1970,1,1,0,2,10
131,1970,1,1,0,2,11
132,1970,1,1,0,2,12
133,1970,1,1,0,2,13
134,1970,1,1,0,2,14
135,1970,1,1,0,2,15
136,1970,1,1,0,2,16
137,1970,1,1,0,2,17
138,1970,1,1,0,2,18
139,1970,1,1,0,2,19
140,1970,1,1,0,2,20
141,1970,1,1,0,2,21
142,1970,1,1,0,2,22
143,1970,1,1,0,2,23
144,1970,1,1,0,2,24
145,1970,1,1,0,2,25
146,1970,1,1,0,2,26
147,1970,1,1,0,2,27
148,1970,1,1,0,2,28
149,1970,1,1,0,2,29
150,1970,1,1,0,2,30
151,1970,1,1,0,2,31
152,1970,1,1,0,2,32
153,1970,1,1,0,2,33
154,1970,1,1,0,2,34
155,1970,1,1,0,2,35
156,1970,1,1,0,2,36
157,1970,1,1,0,2,37
158,1970,1,1,0,2,38
159,1970,1,1,0,2,39
160,1970,1,1,0,2,40
161,1970,1,1,0,2,41
162,1970,1,1,0,2,42
163,1970,1,1,0,2,43
164,1970,1,1,0,2,44
165,1970,1,1,0,2,45
166,1970,1,1,0,2,46
167,1970,1,1,0,2,47
168,1970,1,1,0,2,48
169,1970,1,1,0,2,49
170,1970,1,1,0,2,50
171,1970,1,1,0,2,51
172,1970,1,1,0,2,52
173,1970,1,1,0,2,53
174,1970,1,1,0,2,54
175,1970,1,1,0,2,55
176,1970,1,1,0,2,56
177,1970,1,1,0,2,57
178,1970,1,1,0,2,58
179,1970,1,1,0,2,59
180,1970,1,1,0,3,0
181,1970,1,1,0,3,1
182,1970,1,1,0,3,2
183,1970,1,1,0,3,3
184,1970,1,1,0,3,4
185,1970,1,1,0,3,5
186,1970,1,1,0,3,6
187,1970,1,1,0,3,7
188,1970,1,1,0,3,8
189,1970,1,1,0,3,9
190,1970,1,1,0,3,10
191,1970,1,1,0,3,11
192,1970,1,1,0,3,12
193,1970,1,1,0,3,13
194,1970,1,1,0,3,14
195,1970,1,1,0,3,15
196,1970,1,1,0,3,16
197,1970,1,1,0,3,17
198,1970,1,1,0,3,18
199,1970,1,1,0,3,19
200,1970,1,1,0,3,20
201,1970,1,1,0,3,21
202,1970,1,1,0,3,22
203,1970,1,1,0,3,23
204,1970,1,1,0,3,24
205,1970,1,1,0,3,25
206,1970,1,1,0,3,26
207,1970,1,1,0,3,27
208,1970,1,1,0,3,28
209,1970,1,1,0,3,29
210,1970,1,1,0,3,30
211,1970,1,1,0,3,31
212,1970,1,1,0,3,32
213,1970,1,1,0,3,33
214,1970,1,1,0,3,34
215,1970,1,1,0,3,35
216,1970,1,1,0,3,36
217,1970,1,1,0,3,37
218,1970,1,1,0,3,38
219,1970,1,1,0,3,39
220,1970,1,1,0,3,40
221,1970,1,1,0,3,41
222,1970,1,1,0,3,42
223,1970,1,1,0,3,43
224,1970,1,1,0,3,44
225,1970,1,1,0,3,45
226,1970,1,1,0,3,46
227,1970,1,1,0,3,47
228,1970,1,1,0,3,48
229,1970,1,1,0,3,49
230,1970,1,1,0,3,50
231,1970,1,1,0,3,51
232,1970,1,1,0,3,52
233,1970,1,1,0,3,53
234,1970,1,1,0,3,54
235,1970,1,1,0,3,55
236,1970,1,1,0,3,56
237,1970,1,1,0,3,57
238,1970,1,1,0,3,58
239,1970,1,1,0,3,59
240,1970,1,1,0,4,0
241,1970,1,1,0,4,1
242,1970,1,1,0,4,2
243,1970,1,1,0,4,3
244,1970,1,1,0,4,4
245,1970,1,1,0,4,5
246,1970,1,1,0,4,6
247,1970,1,1,0,4,7
248,1970,1,1,0,4,8
249,1970,1,1,0,4,9
250,1970,1,1,0,4,10
251,1970,1,1,0,4,11
252,1970,1,1,0,4,12
253,1970,1,1,0,4,13
254,1970,1,1,0,4,14
255,1970,1,1,0,4,15
256,1970,1,1,0,4,16
257,1970,1,1,0,4,17
258,1970,1,1,0,4,18
259,1970,1,1,0,4,19
260,1970,1,1,0,4,20
261,1970,1,1,0,4,21
262,1970,1,1,0,4,22
263,1970,1,1,0,4,23
264,1970,1,1,0,4,24
265,1970,1,1,0,4,25
266,1970,1,1,0,4,26
267,1970,1,1,0,4,27
268,1970,1,1,0,4,28
269,1970,1,1,0,4,29
270,1970,1,1,0,4,30
271,1970,1,1,0,4,31
272,1970,1,1,0,4,32
273,1970,1,1,0,4,33
274,1970,1,1,0,4,34
275,1970,1,1,0,4,35
276,1970,1,1,0,4,36
277,1970,1,1,0,4,37
278,1970,1,1,0,4,38
279,1970,1,1,0,4,39
280,1970,1,1,0,4,40
281,1970,1,1,0,4,41
282,1970,1,1,0,4,42
283,1970,1,1,0,4,43
284,1970,1,1,0,4,44
285,1970,1,1,0,4,45
286,1970,1,1,0,4,46
287,1970,1,1,0,4,47
288,1970,1,1,0,4,48
289,1970,1,1,0,4,49
290,1970,1,1,0,4,50
291,1970,1,1,0,4,51
292,1970,1,1,0,4,52
293,1970,1,1,0,4,53
294,1970,1,1,0,4,54
295,1970,1,1,0,4,55
296,1970,1,1,0,4,56
297,1970,1,1,0,4,57
298,1970,1,1,0,4,58
299,1970,1,1,0,4,59
300,1970,1,1,0,5,0
301,1970,1,1,0,5,1
302,1970,1,1,0,5,2
303,1970,1,1,0,5,3
304,1970,1,1,0,5,4
305,1970,1,1,0,5,5
306,1970,1,1,0,5,6
307,1970,1,1,0,5,7
308,1970,1,1,0,5,8
309,1970,1,1,0,5,9
310,1970,1,1,0,5,10
311,1970,1,1,0,5,11
312,1970,1,1,0,5,12
313,1970,1,1,0,5,13
314,1970,1,1,0,5,14
315,1970,1,1,0,5,15
316,1970,1,1,0,5,16
317,1970,1,1,0,5,17
318,1970,1,1,0,5,18
319,1970,1,1,0,5,19
320,1970,1,1,0,5,20
321,1970,1,1,0,5,21
322,1970,1,1,0,5,22
323,1970,1,1,0,5,23
324,1970,1,1,0,5,24
325,1970,1,1,0,5,25
326,1970,1,1,0,5,26
327,1970,1,1,0,5,27
328,1970,1,1,0,5,28
329,1970,1,1,0,5,29
330,1970,1,1,0,5,30
331,1970,1,1,0,5,31
332,1970,1,1,0,5,32
333,1970,1,1,0,5,33
334,1970,1,1,0,5,34
335,1970,1,1,0,5,35
336,1970,1,1,0,5,36
337,1970,1,1,0,5,37
338,1970,1,1,0,5,38
339,1970,1,1,0,5,39
340,1970,1,1,0,5,40
341,1970,1,1,0,5,41
342,1970,1,1,0,5,42
343,1970,1,1,0,5,43
344,1970,1,1,0,5,44
345,1970,1,1,0,5,45
346,1970,1,1,0,5,46
347,1970,1,1,0,5,47
348,1970,1,1,0,5,48
349,1970,1,1,0,5,49
350,1970,1,1,0,5,50
351,1970,1,1,0,5,51
352,1970,1,1,0,5,52
353,1970,1,1,0,5,53
354,1970,1,1,0,5,54
355,1970,1,1,0,5,55
356,1970,1,1,0,5,56
357,1970,1,1,0,5,57
358,1970,1,1,0,5,58
359,1970,1,1,0,5,59
360,1970,1,1,0,6,0
361,1970,1,1,0,6,1
362,1970,1,1,0,6,2
363,1970,1,1,0,6,3
364,1970,1,1,0,6,4
365,1970,1,1,0,6,5
366,1970,1,1,0,6,6
367,1970,1,1,0,6,7
368,1970,1,1,0,6,8
369,1970,1,1,0,6,9
370,1970,1,1,0,6,10
371,1970,1,1,0,6,11
372,1970,1,1,0,6,12
373,1970,1,1,0,6,13
374,1970,1,1,0,6,14
375,1970,1,1,0,6,15
376,1970,1,1,0,6,16
377,1970,1,1,0,6,17
378,1970,1,1,0,6,18
379,1970,1,1,0,6,19
380,1970,1,1,0,6,20
381,1970,1,1,0,6,21
382,1970,1,1,0,6,22
383,1970,1,1,0,6,23
384,1970,1,1,0,6,24
385,1970,1,1,0,6,25
386,1970,1,1,0,6,26
387,1970,1,1,0,6,27
388,1970,1,1,0,6,28
389,1970,1,1,0,6,29
390,1970,1,1,0,6,30
391,1970,1,1,0,6,31
392,1970,1,1,0,6,32
393,1970,1,1,0,6,33
394,1970,1,1,0,6,34
395,1970,1,1,0,6,35
396,1970,1,1,0,6,36
397,1970,1,1,0,6,37
398,1970,1,1,0,6,38
399,1970,1,1,0,6,39
400,1970,1,1,0,6,40
401,1970,1,1,0,6,41
402,1970,1,1,0,6,42
403,1970,1,1,0,6,43
404,1970,1,1,0,6,44
405,1970,1,1,0,6,45
406,1970,1,1,0,6,46
407,1970,1,1,0,6,47
408,1970,1,1,0,6,48
409,1970,1,1,0,6,49
410,1970,1,1,0,6,50
411,1970,1,1,0,6,51
412,1970,1,1,0,6,52
413,1970,1,1,0,6,53
414,1970,1,1,0,6,54
415,1970,1,1,0,6,55
416,1970,1,1,0,6,56
417,1970,1,1,0,6,57
418,1970,1,1,0,6,58
419,1970,1,1,0,6,59
420,1970,1,1,0,7,0
421,1970,1,1,0,7,1
422,1970,1,1,0,7,2
423,1970,1,1,0,7,3
424,1970,1,1,0,7,4
425,1970,1,1,0,7,5
426,1970,1,1,0,7,6
427,1970,1,1,0,7,7
428,1970,1,1,0,7,8
429,1970,1,1,0,7,9
430,1970,1,1,0,7,10
431,1970,1,1,0,7,11
432,1970,1,1,0,7,12
433,1970,1,1,0,7,13
434,1970,1,1,0,7,14
435,1970,1,1,0,7,15
436,1970,1,1,0,7,16
437,1970,1,1,0,7,17
438,1970,1,1,0,7,18
439,1970,1,1,0,7,19
440,1970,1,1,0,7,20
441,1970,1,1,0,7,21
442,1970,1,1,0,7,22
443,1970,1,1,0,7,23
444,1970,1,1,0,7,24
445,1970,1,1,0,7,25
446,1970,1,1,0,7,26
447,1970,1,1,0,7,27
448,1970,1,1,0,7,28
449,1970,1,1,0,7,29
450,1970,1,1,0,7,30
451,1970,1,1,0,7,31
452,1970,1,1,0,7,32
453,1970,1,1,0,7,33
454,1970,1,1,0,7,34
455,1970,1,1,0,7,35
456,1970,1,1,0,7,36
457,1970,1,1,0,7,37
458,1970,1,1,0,7,38
459,1970,1,1,0,7,39
460,1970,1,1,0,7,40
461,1970,1,1,0,7,41
462,1970,1,1,0,7,42
463,1970,1,1,0,7,43
464,1970,1,1,0,7,44
465,1970,1,1,0,7,45
466,1970,1,1,0,7,46
467,1970,1,1,0,7,47
468,1970,1,1,0,7,48
469,1970,1,1,0,7,49
470,1970,1,1,0,7,50
471,1970,1,1,0,7,51
472,1970,1,1,0,7,52
473,1970,1,1,0,7,53
474,1970,1,1,0,7,54
475,1970,1,1,0,7,55
476,1970,1,1,0,7,56
477,1970,1,1,0,7,57
478,1970,1,1,0,7,58
479,1970,1,1,0,7,59
480,1970,1,1,0,8,0
481,1970,1,1,0,8,1
482,1970,1,1,0,8,2
483,1970,1,1,0,8,3
484,1970,1,1,0,8,4
485,1970,1,1,0,8,5
486,1970,1,1,0,8,6
487,1970,1,1,0,8,7
488,1970,1,1,0,8,8
489,1970,1,1,0,8,9
490,1970,1,1,0,8,10
491,1970,1,1,0,8,11
492,1970,1,1,0,8,12
493,1970,1,1,0,8,13
494,1970,1,1,0,8,14
495,1970,1,1,0,8,15
496,1970,1,1,0,8,16
497,1970,1,1,0,8,17
498,1970,1,1,0,8,18
499,1970,1,1,0,8,19
500,1970,1,1,0,8,20
501,1970,1,1,0,8,21
502,1970,1,1,0,8,22
503,1970,1,1,0,8,23
504,1970,1,1,0,8,24
505,1970,1,1,0,8,25
506,1970,1,1,0,8,26
507,1970,1,1,0,8,27
508,1970,1,1,0,8,28
509,1970,1,1,0,8,29
510,1970,1,1,0,8,30
511,1970,1,1,0,8,31
512,1970,1,1,0,8,32
513,1970,1,1,0,8,33
514,1970,1,1,0,8,34
515,1970,1,1,0,8,35
516,1970,1,1,0,8,36
517,1970,1,1,0,8,37
518,1970,1,1,0,8,38
519,1970,1,1,0,8,39
520,1970,1,1,0,8,40
521,1970,1,1,0,8,41
522,1970,1,1,0,8,42
523,1970,1,1,0,8,43
524,1970,1,1,0,8,44
525,1970,1,1,0,8,45
526,1970,1,1,0,8,46
527,1970,1,1,0,8,47
528,1970,1,1,0,8,48
529,1970,1,1,0,8,49
530,1970,1,1,0,8,50
531,1970,1,1,0,8,51
532,1970,1,1,0,8,52
533,1970,1,1,0,8,53
534,1970,1,1,0,8,54
535,1970,1,1,0,8,55
536,1970,1,1,0,8,56
537,1970,1,1,0,8,57
538,1970,1,1,0,8,58
539,1970,1,1,0,8,59
540,1970,1,1,0,9,0
541,1970,1,1,0,9,1
542,1970,1,1,0,9,2
543,1970,1,1,0,9,3
544,1970,1,1,0,9,4
545,1970,1,1,0,9,5
546,1970,1,1,0,9,6
547,1970,1,1,0,9,7
548,1970,1,1,0,9,8
549,1970,1,1,0,9,9
550,1970,1,1,0,9,10
551,1970,1,1,0,9,11
552,1970,1,1,0,9,12
553,1970,1,1,0,9,13
554,1970,1,1,0,9,14
555,1970,1,1,0,9,15
556,1970,1,1,0,9,16
557,1970,1,1,0,9,17
558,1970,1,1,0,9,18
559,1970,1,1,0,9,19
560,1970,1,1,0,9,20
561,1970,1,1,0,9,21
562,1970,1,1,0,9,22
563,1970,1,1,0,9,23
564,1970,1,1,0,9,24
565,1970,1,1,0,9,25
566,1970,1,1,0,9,26
567,1970,1,1,0,9,27
568,1970,1,1,0,9,28
569,1970,1,1,0,9,29
570,1970,1,1,0,9,30
571,1970,1,1,0,9,31
572,1970,1,1,0,9,32
573,1970,1,1,0,9,33
574,1970,1,1,0,9,34
575,1970,1,1,0,9,35
576,1970,1,1,0,9,36
577,1970,1,1,0,9,37
578,1970,1,1,0,9,38
579,1970,1,1,0,9,39
580,1970,1,1,0,9,40
581,1970,1,1,0,9,41
582,1970,1,1,0,9,42
583,1970,1,1,0,9,43
584,1970,1,1,0,9,44
585,1970,1,1,0,9,45
586,1970,1,1,0,9,46
587,1970,1,1,0,9,47
588,1970,1,1,0,9,48
589,1970,1,1,0,9,49
590,1970,1,1,0,9,50
591,1970,1,1,0,9,51
592,1970,1,1,0,9,52
593,1970,1,1,0,9,53
594,1970,1,1,0,9,54
595,1970,1,1,0,9,55
596,1970,1,1,0,9,56
597,1970,1,1,0,9,57
598,1970,1,1,0,9,58
599,1970,1,1,0,9,59
600,1970,1,1,0,10,0
601,1970,1,1,0,10,1
602,1970,1,1,0,10,2
603,1970,1,1,0,10,3
604,1970,1,1,0,10,4
605,1970,1,1,0,10,5
606,1970,1,1,0,10,6
607,1970,1,1,0,10,7
608,1970,1,1,0,10,8
609,1970,1,1,0,10,9
610,1970,1,1,0,10,10
611,1970,1,1,0,10,11
612,1970,1,1,0,10,12
613,1970,1,1,0,10,13
614,1970,1,1,0,10,14
615,1970,1,1,0,10,15
616,1970,1,1,0,10,16
617,1970,1,1,0,10,17
618,1970,1,1,0,10,18
619,1970,1,1,0,10,19
620,1970,1,1,0,10,20
621,1970,1,1,0,10,21
622,1970,1,1,0,10,22
623,1970,1,1,0,10,23
624,1970,1,1,0,10,24
625,1970,1,1,0,10,25
626,1970,1,1,0,10,26
627,1970,1,1,0,10,27
628,1970,1,1,0,10,28
629,1970,1,1,0,10,29
630,1970,1,1,0,10,30
631,1970,1,1,0,10,31
632,1970,1,1,0,10,32
633,1970,1,1,0,10,33
634,1970,1,1,0,10,34
635,1970,1,1,0,10,35
636,1970,1,1,0,10,36
637,1970,1,1,0,10,37
638,1970,1,1,0,10,38
639,1970,1,1,0,10,39
640,1970,1,1,0,10,40
641,1970,1,1,0,10,41
642,1970,1,1,0,10,42
643,1970,1,1,0,10,43
644,1970,1,1,0,10,44
645,1970,1,1,0,10,45
646,1970,1,1,0,10,46
647,1970,1,1,0,10,47
648,1970,1,1,0,10,48
649,1970,1,1,0,10,49
650,1970,1,1,0,10,50
651,1970,1,1,0,10,51
652,1970,1,1,0,10,52
653,1970,1,1,0,10,53
654,1970,1,1,0,10,54
655,1970,1,1,0,10,55
656,1970,1,1,0,10,56
657,1970,1,1,0,10,57
658,1970,1,1,0,10,58
659,1970,1,1,0,10,59
660,1970,1,1,0,11,0
661,1970,1,1,0,11,1
662,1970,1,1,0,11,2
663,1970,1,1,0,11,3
664,1970,1,1,0,11,4
665,1970,1,1,0,11,5
666,1970,1,1,0,11,6
667,1970,1,1,0,11,7
668,1970,1,1,0,11,8
669,1970,1,1,0,11,9
670,1970,1,1,0,11,10
671,1970,1,1,0,11,11
672,1970,1,1,0,11,12
673,1970,1,1,0,11,13
674,1970,1,1,0,11,14
675,1970,1,1,0,11,15
676,1970,1,1,0,11,16
677,1970,1,1,0,11,17
678,1970,1,1,0,11,18
679,1970,1,1,0,11,19
680,1970,1,1,0,11,20
681,1970,1,1,0,11,21
682,1970,1,1,0,11,22
683,1970,1,1,0,11,23
684,1970,1,1,0,11,24
685,1970,1,1,0,11,25
686,1970,1,1,0,11,26
687,1970,1,1,0,11,27
688,1970,1,1,0,11,28
689,1970,1,1,0,11,29
690,1970,1,1,0,11,30
691,1970,1,1,0,11,31
692,1970,1,1,0,11,32
693,1970,1,1,0,11,33
694,1970,1,1,0,11,34
695,1970,1,1,0,11,35
696,1970,1,1,0,11,36
697,1970,1,1,0,11,37
698,1970,1,1,0,11,38
699,1970,1,1,0,11,39
700,1970,1,1,0,11,40
701,1970,1,1,0,11,41
702,1970,1,1,0,11,42
703,1970,1,1,0,11,43
704,1970,1,1,0,11,44
705,1970,1,1,0,11,45
706,1970,1,1,0,11,46
707,1970,1,1,0,11,47
708,1970,1,1,0,11,48
709,1970,1,1,0,11,49
710,1970,1,1,0,11,50
711,1970,1,1,0,11,51
712,1970,1,1,0,11,52
713,1970,1,1,0,11,53
714,1970,1,1,0,11,54
715,1970,1,1,0,11,55
716,1970,1,1,0,11,56
717,1970,1,1,0,11,57
718,1970,1,1,0,11,58
719,1970,1,1,0,11,59
720,1970,1,1,0,12,0
721,1970,1,1,0,12,1
722,1970,1,1,0,12,2
723,1970,1,1,0,12,3
724,1970,1,1,0,12,4
725,1970,1,1,0,12,5
726,1970,1,1,0,12,6
727,1970,1,1,0,12,7
728,1970,1,1,0,12,8
729,1970,1,1,0,12,9
730,1970,1,1,0,12,10
731,1970,1,1,0,12,11
732,1970,1,1,0,12,12
733,1970,1,1,0,12,13
734,1970,1,1,0,12,14
735,1970,1,1,0,12,15
736,1970,1,1,0,12,16
737,1970,1,1,0,12,17
738,1970,1,1,0,12,18
739,1970,1,1,0,12,19
740,1970,1,1,0,12,20
741,1970,1,1,0,12,21
742,1970,1,1,0,12,22
743,1970,1,1,0,12,23
744,1970,1,1,0,12,24
745,1970,1,1,0,12,25
746,1970,1,1,0,12,26
747,1970,1,1,0,12,27
748,1970,1,1,0,12,28
749,1970,1,1,0,12,29
750,1970,1,1,0,12,30
751,1970,1,1,0,12,31
752,1970,1,1,0,12,32
753,1970,1,1,0,12,33
754,1970,1,1,0,12,34
755,1970,1,1,0,12,35
756,1970,1,1,0,12,36
757,1970,1,1,0,12,37
758,1970,1,1,0,12,38
759,1970,1,1,0,12,39
760,1970,1,1,0,12,40
761,1970,1,1,0,12,41
762,1970,1,1,0,12,42
763,1970,1,1,0,12,43
764,1970,1,1,0,12,44
765,1970,1,1,0,12,45
766,1970,1,1,0,12,46
767,1970,1,1,0,12,47
768,1970,1,1,0,12,48
769,1970,1,1,0,12,49
770,1970,1,1,0,12,50
771,1970,1,1,0,12,51
772,1970,1,1,0,12,52
773,1970,1,1,0,12,53
774,1970,1,1,0,12,54
775,1970,1,1,0,12,55
776,1970,1,1,0,12,56
777,1970,1,1,0,12,57
778,1970,1,1,0,12,58
779,1970,1,1,0,12,59
780,1970,1,1,0,13,0
781,1970,1,1,0,13,1
782,1970,1,1,0,13,2
783,1970,1,1,0,13,3
784,1970,1,1,0,13,4
785,1970,1,1,0,13,5
786,1970,1,1,0,13,6
787,1970,1,1,0,13,7
788,1970,1,1,0,13,8
789,1970,1,1,0,13,9
790,1970,1,1,0,13,10
791,1970,1,1,0,13,11
792,1970,1,1,0,13,12
793,1970,1,1,0,13,13
794,1970,1,1,0,13,14
795,1970,1,1,0,13,15
796,1970,1,1,0,13,16
797,1970,1,1,0,13,17
798,1970,1,1,0,13,18
799,1970,1,1,0,13,19
800,1970,1,1,0,13,20
801,1970,1,1,0,13,21
802,1970,1,1,0,13,22
803,1970,1,1,0,13,23
804,1970,1,1,0,13,24
805,1970,1,1,0,13,25
806,1970,1,1,0,13,26
807,1970,1,1,0,13,27
808,1970,1,1,0,13,28
809,1970,1,1,0,13,29
810,1970,1,1,0,13,30
811,1970,1,1,0,13,31
812,1970,1,1,0,13,32
813,1970,1,1,0,13,33
814,1970,1,1,0,13,34
815,1970,1,1,0,13,35
816,1970,1,1,0,13,36
817,1970,1,1,0,13,37
818,1970,1,1,0,13,38
819,1970,1,1,0,13,39
820,1970,1,1,0,13,40
821,1970,1,1,0,13,41
822,1970,1,1,0,13,42
823,1970,1,1,0,13,43
824,1970,1,1,0,13,44
825,1970,1,1,0,13,45
826,1970,1,1,0,13,46
827,1970,1,1,0,13,47
828,1970,1,1,0,13,48
829,1970,1,1,0,13,49
830,1970,1,1,0,13,50
831,1970,1,1,0,13,51
832,1970,1,1,0,13,52
833,1970,1,1,0,13,53
834,1970,1,1,0,13,54
835,1970,1,1,0,13,55
836,1970,1,1,0,13,56
837,1970,1,1,0,13,57
838,1970,1,1,0,13,58
839,1970,1,1,0,13,59
840,1970,1,1,0,14,0
841,1970,1,1,0,14,1
842,1970,1,1,0,14,2
843,1970,1,1,0,14,3
844,1970,1,1,0,14,4
845,1970,1,1,0,14,5
846,1970,1,1,0,14,6
847,1970,1,1,0,14,7
848,1970,1,1,0,14,8
849,1970,1,1,0,14,9
850,1970,1,1,0,14,10
851,1970,1,1,0,14,11
852,1970,1,1,0,14,12
853,1970,1,1,0,14,13
854,1970,1,1,0,14,14
855,1970,1,1,0,14,15
856,1970,1,1,0,14,16
857,1970,1,1,0,14,17
858,1970,1,1,0,14,18
859,1970,1,1,0,14,19
860,1970,1,1,0,14,20
861,1970,1,1,0,14,21
862,1970,1,1,0,14,22
863,1970,1,1,0,14,23
864,1970,1,1,0,14,24
865,1970,1,1,0,14,25
866,1970,1,1,0,14,26
867,1970,1,1,0,14,27
868,1970,1,1,0,14,28
869,1970,1,1,0,14,29
870,1970,1,1,0,14,30
871,1970,1,1,0,14,31
872,1970,1,1,0,14,32
873,1970,1,1,0,14,33
874,1970,1,1,0,14,34
875,1970,1,1,0,14,35
876,1970,1,1,0,14,36
877,1970,1,1,0,14,37
878,1970,1,1,0,14,38
879,1970,1,1,0,14,39
880,1970,1,1,0,14,40
881,1970,1,1,0,14,41
882,1970,1,1,0,14,42
883,1970,1,1,0,14,43
884,1970,1,1,0,14,44
885,1970,1,1,0,14,45
886,1970,1,1,0,14,46
887,1970,1,1,0,14,47
888,1970,1,1,0,14,48
889,1970,1,1,0,14,49
890,1970,1,1,0,14,50
891,1970,1,1,0,14,51
892,1970,1,1,0,14,52
893,1970,1,1,0,14,53
894,1970,1,1,0,14,54
895,1970,1,1,0,14,55
896,1970,1,1,0,14,56
897,1970,1,1,0,14,57
898,1970,1,1,0,14,58
899,1970,1,1,0,14,59
900,1970,1,1,0,15,0
901,1970,1,1,0,15,1
902,1970,1,1,0,15,2
903,1970,1,1,0,15,3
904,1970,1,1,0,15,4
905,1970,1,1,0,15,5
906,1970,1,1,0,15,6
907,1970,1,1,0,15,7
908,1970,1,1,0,15,8
909,1970,1,1,0,15,9
910,1970,1,1,0,15,10
911,1970,1,1,0,15,11
912,1970,1,1,0,15,12
913,1970,1,1,0,15,13
914,1970,1,1,0,15,14
915,1970,1,1,0,15,15
916,1970,1,1,0,15,16
917,1970,1,1,0,15,17
918,1970,1,1,0,15,18
919,1970,1,1,0,15,19
920,1970,1,1,0,15,20
921,1970,1,1,0,15,21
922,1970,1,1,0,15,22
923,1970,1,1,0,15,23
924,1970,1,1,0,15,24
925,1970,1,1,0,15,25
926,1970,1,1,0,15,26
927,1970,1,1,0,15,27
928,1970,1,1,0,15,28
929,1970,1,1,0,15,29
930,1970,1,1,0,15,30
931,1970,1,1,0,15,31
932,1970,1,1,0,15,32
933,1970,1,1,0,15,33
934,1970,1,1,0,15,34
935,1970,1,1,0,15,35
936,1970,1,1,0,15,36
937,1970,1,1,0,15,37
938,1970,1,1,0,15,38
939,1970,1,1,0,15,39
940,1970,1,1,0,15,40
941,1970,1,1,0,15,41
942,1970,1,1,0,15,42
943,1970,1,1,0,15,43
944,1970,1,1,0,15,44
945,1970,1,1,0,15,45
946,1970,1,1,0,15,46
947,1970,1,1,0,15,47
948,1970,1,1,0,15,48
949,1970,1,1,0,15,49
950,1970,1,1,0,15,50
951,1970,1,1,0,15,51
952,1970,1,1,0,15,52
953,1970,1,1,0,15,53
954,1970,1,1,0,15,54
955,1970,1,1,0,15,55
956,1970,1,1,0,15,56
957,1970,1,1,0,15,57
958,1970,1,1,0,15,58
959,1970,1,1,0,15,59
960,1970,1,1,0,16,0
961,1970,1,1,0,16,1
962,1970,1,1,0,16,2
963,1970,1,1,0,16,3
964,1970,1,1,0,16,4
965,1970,1,1,0,16,5
966,1970,1,1,0,16,6
967,1970,1,1,0,16,7
968,1970,1,1,0,16,8
969,1970,1,1,0,16,9
970,1970,1,1,0,16,10
971,1970,1,1,0,16,11
972,1970,1,1,0,16,12
973,1970,1,1,0,16,13
974,1970,1,1,0,16,14
975,1970,1,1,0,16,15
976,1970,1,1,0,16,16
977,1970,1,1,0,16,17
978,1970,1,1,0,16,18
979,1970,1,1,0,16,19
980,1970,1,1,0,16,20
981,1970,1,1,0,16,21
982,1970,1,1,0,16,22
983,1970,1,1,0,16,23
984,1970,1,1,0,16,24
985,1970,1,1,0,16,25
986,1970,1,1,0,16,26
987,1970,1,1,0,16,27
988,1970,1,1,0,16,28
989,1970,1,1,0,16,29
990,1970,1,1,0,16,30
991,1970,1,1,0,16,31
992,1970,1,1,0,16,32
993,1970,1,1,0,16,33
994,1970,1,1,0,16,34
995,1970,1,1,0,16,35
996,1970,1,1,0,16,36
997,1970,1,1,0,16,37
998,1970,1,1,0,16,38
999,1970,1,1,0,16,39
1000,1970,1,1,0,16,40
1001,1970,1,1,0,16,41
1002,1970,1,1,0,16,42
1003,1970,1,1,0,16,43
1004,1970,1,1,0,16,44
1005,1970,1,1,0,16,45
1006,1970,1,1,0,16,46
1007,1970,1,1,0,16,47
1008,1970,1,1,0,16,48
1009,1970,1,1,0,16,49
1010,1970,1,1,0,16,50
1011,1970,1,1,0,16,51
1012,1970,1,1,0,16,52
1013,1970,1,1,0,16,53
1014,1970,1,1,0,16,54
1015,1970,1,1,0,16,55
1016,1970,1,1,0,16,56
1017,1970,1,1,0,16,57
1018,1970,1,1,0,16,58
1019,1970,1,1,0,16,59
1020,1970,1,1,0,17,0
1021,1970,1,1,0,17,1
1022,1970,1,1,0,17,2
1023,1970,1,1,0,17,3
1024,1970,1,1,0,17,4
1025,1970,1,1,0,17,5
1026,1970,1,1,0,17,6
1027,1970,1,1,0,17,7
1028,1970,1,1,0,17,8
1029,1970,1,1,0,17,9
1030,1970,1,1,0,17,10
1031,1970,1,1,0,17,11
1032,1970,1,1,0,17,12
1033,1970,1,1,0,17,13
1034,1970,1,1,0,17,14
1035,1970,1,1,0,17,15
1036,1970,1,1,0,17,16
1037,1970,1,1,0,17,17
1038,1970,1,1,0,17,18
1039,1970,1,1,0,17,19
1040,1970,1,1,0,17,20
1041,1970,1,1,0,17,21
1042,1970,1,1,0,17,22
1043,1970,1,1,0,17,23
1044,1970,1,1,0,17,24
1045,1970,1,1,0,17,25
1046,1970,1,1,0,17,26
1047,1970,1,1,0,17,27
1048,1970,1,1,0,17,28
1049,1970,1,1,0,17,29
1050,1970,1,1,0,17,30
1051,1970,1,1,0,17,31
1052,1970,1,1,0,17,32
1053,1970,1,1,0,17,33
1054,1970,1,1,0,17,34
1055,1970,1,1,0,17,35
1056,1970,1,1,0,17,36
1057,1970,1,1,0,17,37
1058,1970,1,1,0,17,38
1059,1970,1,1,0,17,39
1060,1970,1,1,0,17,40
1061,1970,1,1,0,17,41
1062,1970,1,1,0,17,42
1063,1970,1,1,0,17,43
1064,1970,1,1,0,17,44
1065,1970,1,1,0,17,45
1066,1970,1,1,0,17,46
1067,1970,1,1,0,17,47
1068,1970,1,1,0,17,48
1069,1970,1,1,0,17,49
1070,1970,1,1,0,17,50
1071,1970,1,1,0,17,51
1072,1970,1,1,0,17,52
1073,1970,1,1,0,17,53
1074,1970,1,1,0,17,54
1075,1970,1,1,0,17,55
1076,1970,1,1,0,17,56
1077,1970,1,1,0,17,57
1078,1970,1,1,0,17,58
1079,1970,1,1,0,17,59
1080,1970,1,1,0,18,0
1081,1970,1,1,0,18,1
1082,1970,1,1,0,18,2
1083,1970,1,1,0,18,3
1084,1970,1,1,0,18,4
1085,1970,1,1,0,18,5
1086,1970,1,1,0,18,6
1087,1970,1,1,0,18,7
1088,1970,1,1,0,18,8
1089,1970,1,1,0,18,9
1090,1970,1,1,0,18,10
1091,1970,1,1,0,18,11
1092,1970,1,1,0,18,12
1093,1970,1,1,0,18,13
1094,1970,1,1,0,18,14
1095,1970,1,1,0,18,15
1096,1970,1,1,0,18,16
1097,1970,1,1,0,18,17
1098,1970,1,1,0,18,18
1099,1970,1,1,0,18,19
1100,1970,1,1,0,18,20
1101,1970,1,1,0,18,21
1102,1970,1,1,0,18,22
1103,1970,1,1,0,18,23
1104,1970,1,1,0,18,24
1105,1970,1,1,0,18,25
1106,1970,1,1,0,18,26
1107,1970,1,1,0,18,27
1108,1970,1,1,0,18,28
1109,1970,1,1,0,18,29
1110,1970,1,1,0,18,30
1111,1970,1,1,0,18,31
1112,1970,1,1,0,18,32
1113,1970,1,1,0,18,33
1114,1970,1,1,0,18,34
1115,1970,1,1,0,18,35
1116,1970,1,1,0,18,36
1117,1970,1,1,0,18,37
1118,1970,1,1,0,18,38
1119,1970,1,1,0,18,39
1120,1970,1,1,0,18,40
1121,1970,1,1,0,18,41
1122,1970,1,1,0,18,42
1123,1970,1,1,0,18,43
1124,1970,1,1,0,18,44
1125,1970,1,1,0,18,45
1126,1970,1,1,0,18,46
1127,1970,1,1,0,18,47
1128,1970,1,1,0,18,48
1129,1970,1,1,0,18,49
1130,1970,1,1,0,18,50
1131,1970,1,1,0,18,51
1132,1970,1,1,0,18,52
1133,1970,1,1,0,18,53
1134,1970,1,1,0,18,54
1135,1970,1,1,0,18,55
1136,1970,1,1,0,18,56
1137,1970,1,1,0,18,57
1138,1970,1,1,0,18,58
1139,1970,1,1,0,18,59
1140,1970,1,1,0,19,0
1141,1970,1,1,0,19,1
1142,1970,1,1,0,19,2
1143,1970,1,1,0,19,3
1144,1970,1,1,0,19,4
1145,1970,1,1,0,19,5
1146,1970,1,1,0,19,6
1147,1970,1,1,0,19,7
1148,1970,1,1,0,19,8
1149,1970,1,1,0,19,9
1150,1970,1,1,0,19,10
1151,1970,1,1,0,19,11
1152,1970,1,1,0,19,12
1153,1970,1,1,0,19,13
1154,1970,1,1,0,19,14
1155,1970,1,1,0,19,15
1156,1970,1,1,0,19,16
1157,1970,1,1,0,19,17
1158,1970,1,1,0,19,18
1159,1970,1,1,0,19,19
1160,1970,1,1,0,19,20
1161,1970,1,1,0,19,21
1162,1970,1,1,0,19,22
1163,1970,1,1,0,19,23
1164,1970,1,1,0,19,24
1165,1970,1,1,0,19,25
1166,1970,1,1,0,19,26
1167,1970,1,1,0,19,27
1168,1970,1,1,0,19,28
1169,1970,1,1,0,19,29
1170,1970,1,1,0,19,30
1171,1970,1,1,0,19,31
1172,1970,1,1,0,19,32
1173,1970,1,1,0,19,33
1174,1970,1,1,0,19,34
1175,1970,1,1,0,19,35
1176,1970,1,1,0,19,36
1177,1970,1,1,0,19,37
1178,1970,1,1,0,19,38
1179,1970,1,1,0,19,39
1180,1970,1,1,0,19,40
1181,1970,1,1,0,19,41
1182,1970,1,1,0,19,42
1183,1970,1,1,0,19,43
1184,1970,1,1,0,19,44
1185,1970,1,1,0,19,45
1186,1970,1,1,0,19,46
1187,1970,1,1,0,19,47
1188,1970,1,1,0,19,48
1189,1970,1,1,0,19,49
1190,1970,1,1,0,19,50
1191,1970,1,1,0,19,51
1192,1970,1,1,0,19,52
1193,1970,1,1,0,19,53
1194,1970,1,1,0,19,54
1195,1970,1,1,0,19,55
1196,1970,1,1,0,19,56
1197,1970,1,1,0,19,57
1198,1970,1,1,0,19,58
1199,1970,1,1,0,19,59
1200,1970,1,1,0,20,0
1201,1970,1,1,0,20,1
1202,1970,1,1,0,20,2
1203,1970,1,1,0,20,3
1204,1970,1,1,0,20,4
1205,1970,1,1,0,20,5
1206,1970,1,1,0,20,6
1207,1970,1,1,0,20,7
1208,1970,1,1,0,20,8
1209,1970,1,1,0,20,9
1210,1970,1,1,0,20,10
1211,1970,1,1,0,20,11
1212,1970,1,1,0,20,12
1213,1970,1,1,0,20,13
1214,1970,1,1,0,20,14
1215,1970,1,1,0,20,15
1216,1970,1,1,0,20,16
1217,1970,1,1,0,20,17
1218,1970,1,1,0,20,18
1219,1970,1,1,0,20,19
1220,1970,1,1,0,20,20
1221,1970,1,1,0,20,21
1222,1970,1,1,0,20,22
1223,1970,1,1,0,20,23
1224,1970,1,1,0,20,24
1225,1970,1,1,0,20,25
1226,1970,1,1,0,20,26
1227,1970,1,1,0,20,27
1228,1970,1,1,0,20,28
1229,1970,1,1,0,20,29
1230,1970,1,1,0,20,30
1231,1970,1,1,0,20,31
1232,1970,1,1,0,20,32
1233,1970,1,1,0,20,33
1234,1970,1,1,0,20,34
1235,1970,1,1,0,20,35
1236,1970,1,1,0,20,36
1237,1970,1,1,0,20,37
1238,1970,1,1,0,20,38
1239,1970,1,1,0,20,39
1240,1970,1,1,0,20,40
1241,1970,1,1,0,20,41
1242,1970,1,1,0,20,42
1243,1970,1,1,0,20,43
1244,1970,1,1,0,20,44
1245,1970,1,1,0,20,45
1246,1970,1,1,0,20,46
1247,1970,1,1,0,20,47
1248,1970,1,1,0,20,48
1249,1970,1,1,0,20,49
1250,1970,1,1,0,20,50
1251,1970,1,1,0,20,51
1252,1970,1,1,0,20,52
1253,1970,1,1,0,20,53
1254,1970,1,1,0,20,54
1255,1970,1,1,0,20,55
1256,1970,1,1,0,20,56
1257,1970,1,1,0,20,57
1258,1970,1,1,0,20,58
1259,1970,1,1,0,20,59
1260,1970,1,1,0,21,0
1261,1970,1,1,0,21,1
1262,1970,1,1,0,21,2
1263,1970,1,1,0,21,3
1264,1970,1,1,0,21,4
1265,1970,1,1,0,21,5
1266,1970,1,1,0,21,6
1267,1970,1,1,0,21,7
1268,1970,1,1,0,21,8
1269,1970,1,1,0,21,9
1270,1970,1,1,0,21,10
1271,1970,1,1,0,21,11
1272,1970,1,1,0,21,12
1273,1970,1,1,0,21,13
1274,1970,1,1,0,21,14
1275,1970,1,1,0,21,15
1276,1970,1,1,0,21,16
1277,1970,1,1,0,21,17
1278,1970,1,1,0,21,18
1279,1970,1,1,0,21,19
1280,1970,1,1,0,21,20
1281,1970,1,1,0,21,21
1282,1970,1,1,0,21,22
1283,1970,1,1,0,21,23
1284,1970,1,1,0,21,24
1285,1970,1,1,0,21,25
1286,1970,1,1,0,21,26
1287,1970,1,1,0,21,27
1288,1970,1,1,0,21,28
1289,1970,1,1,0,21,29
1290,1970,1,1,0,21,30
1291,1970,1,1,0,21,31
1292,1970,1,1,0,21,32
1293,1970,1,1,0,21,33
1294,1970,1,1,0,21,34
1295,1970,1,1,0,21,35
1296,1970,1,1,0,21,36
1297,1970,1,1,0,21,37
1298,1970,1,1,0,21,38
1299,1970,1,1,0,21,39
1300,1970,1,1,0,21,40
1301,1970,1,1,0,21,41
1302,1970,1,1,0,21,42
1303,1970,1,1,0,21,43
1304,1970,1,1,0,21,44
1305,1970,1,1,0,21,45
1306,1970,1,1,0,21,46
1307,1970,1,1,0,21,47
1308,1970,1,1,0,21,48
1309,1970,1,1,0,21,49
1310,1970,1,1,0,21,50
1311,1970,1,1,0,21,51
1312,1970,1,1,0,21,52
1313,1970,1,1,0,21,53
1314,1970,1,1,0,21,54
1315,1970,1,1,0,21,55
1316,1970,1,1,0,21,56
1317,1970,1,1,0,21,57
1318,1970,1,1,0,21,58
1319,1970,1,1,0,21,59
1320,1970,1,1,0,22,0
1321,1970,1,1,0,22,1
1322,1970,1,1,0,22,2
1323,1970,1,1,0,22,3
1324,1970,1,1,0,22,4
1325,1970,1,1,0,22,5
1326,1970,1,1,0,22,6
1327,1970,1,1,0,22,7
1328,1970,1,1,0,22,8
1329,1970,1,1,0,22,9
1330,1970,1,1,0,22,10
1331,1970,1,1,0,22,11
1332,1970,1,1,0,22,12
1333,1970,1,1,0,22,13
1334,1970,1,1,0,22,14
1335,1970,1,1,0,22,15
1336,1970,1,1,0,22,16
1337,1970,1,1,0,22,17
1338,1970,1,1,0,22,18
1339,1970,1,1,0,22,19
1340,1970,1,1,0,22,20
1341,1970,1,1,0,22,21
1342,1970,1,1,0,22,22
1343,1970,1,1,0,22,23
1344,1970,1,1,0,22,24
1345,1970,1,1,0,22,25
1346,1970,1,1,0,22,26
1347,1970,1,1,0,22,27
1348,1970,1,1,0,22,28
1349,1970,1,1,0,22,29
1350,1970,1,1,0,22,30
1351,1970,1,1,0,22,31
1352,1970,1,1,0,22,32
1353,1970,1,1,0,22,33
1354,1970,1,1,0,22,34
1355,1970,1,1,0,22,35
1356,1970,1,1,0,22,36
1357,1970,1,1,0,22,37
1358,1970,1,1,0,22,38
1359,1970,1,1,0,22,39
1360,1970,1,1,0,22,40
1361,1970,1,1,0,22,41
1362,1970,1,1,0,22,42
1363,1970,1,1,0,22,43
1364,1970,1,1,0,22,44
1365,1970,1,1,0,22,45
1366,1970,1,1,0,22,46
1367,1970,1,1,0,22,47
1368,1970,1,1,0,22,48
1369,1970,1,1,0,22,49
1370,1970,1,1,0,22,50
1371,1970,1,1,0,22,51
1372,1970,1,1,0,22,52
1373,1970,1,1,0,22,53
1374,1970,1,1,0,22,54
1375,1970,1,1,0,22,55
1376,1970,1,1,0,22,56
1377,1970,1,1,0,22,57
1378,1970,1,1,0,22,58
1379,1970,1,1,0,22,59
1380,1970,1,1,0,23,0
1381,1970,1,1,0,23,1
1382,1970,1,1,0,23,2
1383,1970,1,1,0,23,3
1384,1970,1,1,0,23,4
1385,1970,1,1,0,23,5
1386,1970,1,1,0,23,6
1387,1970,1,1,0,23,7
1388,1970,1,1,0,23,8
1389,1970,1,1,0,23,9
1390,1970,1,1,0,23,10
1391,1970,1,1,0,23,11
1392,1970,1,1,0,23,12
1393,1970,1,1,0,23,13
1394,1970,1,1,0,23,14
1395,1970,1,1,0,23,15
1396,1970,1,1,0,23,16
1397,1970,1,1,0,23,17
1398,1970,1,1,0,23,18
1399,1970,1,1,0,23,19
1400,1970,1,1,0,23,20
1401,1970,1,1,0,23,21
1402,1970,1,1,0,23,22
1403,1970,1,1,0,23,23
1404,1970,1,1,0,23,24
1405,1970,1,1,0,23,25
1406,1970,1,1,0,23,26
1407,1970,1,1,0,23,27
1408,1970,1,1,0,23,28
1409,1970,1,1,0,23,29
1410,1970,1,1,0,23,30
1411,1970,1,1,0,23,31
1412,1970,1,1,0,23,32
1413,1970,1,1,0,23,33
1414,1970,1,1,0,23,34
1415,1970,1,1,0,23,35
1416,1970,1,1,0,23,36
1417,1970,1,1,0,23,37
1418,1970,1,1,0,23,38
1419,1970,1,1,0,23,39
1420,1970,1,1,0,23,40
1421,1970,1,1,0,23,41
1422,1970,1,1,0,23,42
1423,1970,1,1,0,23,43
1424,1970,1,1,0,23,44
1425,1970,1,1,0,23,45
1426,1970,1,1,0,23,46
1427,1970,1,1,0,23,47
1428,1970,1,1,0,23,48
1429,1970,1,1,0,23,49
1430,1970,1,1,0,23,50
1431,1970,1,1,0,23,51
1432,1970,1,1,0,23,52
1433,1970,1,1,0,23,53
1434,1970,1,1,0,23,54
1435,1970,1,1,0,23,55
1436,1970,1,1,0,23,56
1437,1970,1,1,0,23,57
1438,1970,1,1,0,23,58
1439,1970,1,1,0,23,59
1440,1970,1,1,0,24,0
1441,1970,1,1,0,24,1
1442,1970,1,1,0,24,2
1443,1970,1,1,0,24,3
1444,1970,1,1,0,24,4
1445,1970,1,1,0,24,5
1446,1970,1,1,0,24,6
1447,1970,1,1,0,24,7
1448,1970,1,1,0,24,8
1449,1970,1,1,0,24,9
1450,1970,1,1,0,24,10
1451,1970,1,1,0,24,11
1452,1970,1,1,0,24,12
1453,1970,1,1,0,24,13
1454,1970,1,1,0,24,14
1455,1970,1,1,0,24,15
1456,1970,1,1,0,24,16
1457,1970,1,1,0,24,17
1458,1970,1,1,0,24,18
1459,1970,1,1,0,24,19
1460,1970,1,1,0,24,20
1461,1970,1,1,0,24,21
1462,1970,1,1,0,24,22
1463,1970,1,1,0,24,23
1464,1970,1,1,0,24,24
1465,1970,1,1,0,24,25
1466,1970,1,1,0,24,26
1467,1970,1,1,0,24,27
1468,1970,1,1,0,24,28
1469,1970,1,1,0,24,29
1470,1970,1,1,0,24,30
1471,1970,1,1,0,24,31
1472,1970,1,1,0,24,32
1473,1970,1,1,0,24,33
1474,1970,1,1,0,24,34
1475,1970,1,1,0,24,35
1476,1970,1,1,0,24,36
1477,1970,1,1,0,24,37
1478,1970,1,1,0,24,38
1479,1970,1,1,0,24,39
1480,1970,1,1,0,24,40
1481,1970,1,1,0,24,41
1482,1970,1,1,0,24,42
1483,1970,1,1,0,24,43
1484,1970,1,1,0,24,44
1485,1970,1,1,0,24,45
1486,1970,1,1,0,24,46
1487,1970,1,1,0,24,47
1488,1970,1,1,0,24,48
1489,1970,1,1,0,24,49
1490,1970,1,1,0,24,50
1491,1970,1,1,0,24,51
1492,1970,1,1,0,24,52
1493,1970,1,1,0,24,53
1494,1970,1,1,0,24,54
1495,1970,1,1,0,24,55
1496,1970,1,1,0,24,56
1497,1970,1,1,0,24,57
1498,1970,1,1,0,24,58
1499,1970,1,1,0,24,59
1500,1970,1,1,0,25,0
1501,1970,1,1,0,25,1
1502,1970,1,1,0,25,2
1503,1970,1,1,0,25,3
1504,1970,1,1,0,25,4
1505,1970,1,1,0,25,5
1506,1970,1,1,0,25,6
1507,1970,1,1,0,25,7
1508,1970,1,1,0,25,8
1509,1970,1,1,0,25,9
1510,1970,1,1,0,25,10
1511,1970,1,1,0,25,11
1512,1970,1,1,0,25,12
1513,1970,1,1,0,25,13
1514,1970,1,1,0,25,14
1515,1970,1,1,0,25,15
1516,1970,1,1,0,25,16
1517,1970,1,1,0,25,17
1518,1970,1,1,0,25,18
1519,1970,1,1,0,25,19
1520,1970,1,1,0,25,20
1521,1970,1,1,0,25,21
1522,1970,1,1,0,25,22
1523,1970,1,1,0,25,23
1524,1970,1,1,0,25,24
1525,1970,1,1,0,25,25
1526,1970,1,1,0,25,26
1527,1970,1,1,0,25,27
1528,1970,1,1,0,25,28
1529,1970,1,1,0,25,29
1530,1970,1,1,0,25,30
1531,1970,1,1,0,25,31
1532,1970,1,1,0,25,32
1533,1970,1,1,0,25,33
1534,1970,1,1,0,25,34
1535,1970,1,1,0,25,35
1536,1970,1,1,0,25,36
1537,1970,1,1,0,25,37
1538,1970,1,1,0,25,38
1539,1970,1,1,0,25,39
1540,1970,1,1,0,25,40
1541,1970,1,1,0,25,41
1542,1970,1,1,0,25,42
1543,1970,1,1,0,25,43
1544,1970,1,1,0,25,44
1545,1970,1,1,0,25,45
1546,1970,1,1,0,25,46
1547,1970,1,1,0,25,47
1548,1970,1,1,0,25,48
1549,1970,1,1,0,25,49
1550,1970,1,1,0,25,50
1551,1970,1,1,0,25,51
1552,1970,1,1,0,25,52
1553,1970,1,1,0,25,53
1554,1970,1,1,0,25,54
1555,1970,1,1,0,25,55
1556,1970,1,1,0,25,56
1557,1970,1,1,0,25,57
1558,1970,1,1,0,25,58
1559,1970,1,1,0,25,59
1560,1970,1,1,0,26,0
1561,1970,1,1,0,26,1
1562,1970,1,1,0,26,2
1563,1970,1,1,0,26,3
1564,1970,1,1,0,26,4
1565,1970,1,1,0,26,5
1566,1970,1,1,0,26,6
1567,1970,1,1,0,26,7
1568,1970,1,1,0,26,8
1569,1970,1,1,0,26,9
1570,1970,1,1,0,26,10
1571,1970,1,1,0,26,11
1572,1970,1,1,0,26,12
1573,1970,1,1,0,26,13
1574,1970,1,1,0,26,14
1575,1970,1,1,0,26,15
1576,1970,1,1,0,26,16
1577,1970,1,1,0,26,17
1578,1970,1,1,0,26,18
1579,1970,1,1,0,26,19
1580,1970,1,1,0,26,20
1581,1970,1,1,0,26,21
1582,1970,1,1,0,26,22
1583,1970,1,1,0,26,23
1584,1970,1,1,0,26,24
1585,1970,1,1,0,26,25
1586,1970,1,1,0,26,26
1587,1970,1,1,0,26,27
1588,1970,1,1,0,26,28
1589,1970,1,1,0,26,29
1590,1970,1,1,0,26,30
1591,1970,1,1,0,26,31
1592,1970,1,1,0,26,32
1593,1970,1,1,0,26,33
1594,1970,1,1,0,26,34
1595,1970,1,1,0,26,35
1596,1970,1,1,0,26,36
1597,1970,1,1,0,26,37
1598,1970,1,1,0,26,38
1599,1970,1,1,0,26,39
1600,1970,1,1,0,26,40
1601,1970,1,1,0,26,41
1602,1970,1,1,0,26,42
1603,1970,1,1,0,26,43
1604,1970,1,1,0,26,44
1605,1970,1,1,0,26,45
1606,1970,1,1,0,26,46
1607,1970,1,1,0,26,47
1608,1970,1,1,0,26,48
1609,1970,1,1,0,26,49
1610,1970,1,1,0,26,50
1611,1970,1,1,0,26,51
1612,1970,1,1,0,26,52
1613,1970,1,1,0,26,53
1614,1970,1,1,0,26,54
1615,1970,1,1,0,26,55
1616,1970,1,1,0,26,56
1617,1970,1,1,0,26,57
1618,1970,1,1,0,26,58
1619,1970,1,1,0,26,59
1620,1970,1,1,0,27,0
1621,1970,1,1,0,27,1
1622,1970,1,1,0,27,2
1623,1970,1,1,0,27,3
1624,1970,1,1,0,27,4
1625,1970,1,1,0,27,5
1626,1970,1,1,0,27,6
1627,1970,1,1,0,27,7
1628,1970,1,1,0,27,8
1629,1970,1,1,0,27,9
1630,1970,1,1,0,27,10
1631,1970,1,1,0,27,11
1632,1970,1,1,0,27,12
1633,1970,1,1,0,27,13
1634,1970,1,1,0,27,14
1635,1970,1,1,0,27,15
1636,1970,1,1,0,27,16
1637,1970,1,1,0,27,17
1638,1970,1,1,0,27,18
1639,1970,1,1,0,27,19
1640,1970,1,1,0,27,20
1641,1970,1,1,0,27,21
1642,1970,1,1,0,27,22
1643,1970,1,1,0,27,23
1644,1970,1,1,0,27,24
1645,1970,1,1,0,27,25
1646,1970,1,1,0,27,26
1647,1970,1,1,0,27,27
1648,1970,1,1,0,27,28
1649,1970,1,1,0,27,29
1650,1970,1,1,0,27,30
1651,1970,1,1,0,27,31
1652,1970,1,1,0,27,32
1653,1970,1,1,0,27,33
1654,1970,1,1,0,27,34
1655,1970,1,1,0,27,35
1656,1970,1,1,0,27,36
1657,1970,1,1,0,27,37
1658,1970,1,1,0,27,38
1659,1970,1,1,0,27,39
1660,1970,1,1,0,27,40
1661,1970,1,1,0,27,41
1662,1970,1,1,0,27,42
1663,1970,1,1,0,27,43
1664,1970,1,1,0,27,44
1665,1970,1,1,0,27,45
1666,1970,1,1,0,27,46
1667,1970,1,1,0,27,47
1668,1970,1,1,0,27,48
1669,1970,1,1,0,27,49
1670,1970,1,1,0,27,50
1671,1970,1,1,0,27,51
1672,1970,1,1,0,27,52
1673,1970,1,1,0,27,53
1674,1970,1,1,0,27,54
1675,1970,1,1,0,27,55
1676,1970,1,1,0,27,56
1677,1970,1,1,0,27,57
1678,1970,1,1,0,27,58
1679,1970,1,1,0,27,59
1680,1970,1,1,0,28,0
1681,1970,1,1,0,28,1
1682,1970,1,1,0,28,2
1683,1970,1,1,0,28,3
1684,1970,1,1,0,28,4
1685,1970,1,1,0,28,5
1686,1970,1,1,0,28,6
1687,1970,1,1,0,28,7
1688,1970,1,1,0,28,8
1689,1970,1,1,0,28,9
1690,1970,1,1,0,28,10
1691,1970,1,1,0,28,11
1692,1970,1,1,0,28,12
1693,1970,1,1,0,28,13
1694,1970,1,1,0,28,14
1695,1970,1,1,0,28,15
1696,1970,1,1,0,28,16
1697,1970,1,1,0,28,17
1698,1970,1,1,0,28,18
1699,1970,1,1,0,28,19
1700,1970,1,1,0,28,20
1701,1970,1,1,0,28,21
1702,1970,1,1,0,28,22
1703,1970,1,1,0,28,23
1704,1970,1,1,0,28,24
1705,1970,1,1,0,28,25
1706,1970,1,1,0,28,26
1707,1970,1,1,0,28,27
1708,1970,1,1,0,28,28
1709,1970,1,1,0,28,29
1710,1970,1,1,0,28,30
1711,1970,1,1,0,28,31
1712,1970,1,1,0,28,32
1713,1970,1,1,0,28,33
1714,1970,1,1,0,28,34
1715,1970,1,1,0,28,35
1716,1970,1,1,0,28,36
1717,1970,1,1,0,28,37
1718,1970,1,1,0,28,38
1719,1970,1,1,0,28,39
1720,1970,1,1,0,28,40
1721,1970,1,1,0,28,41
1722,1970,1,1,0,28,42
1723,1970,1,1,0,28,43
1724,1970,1,1,0,28,44
1725,1970,1,1,0,28,45
1726,1970,1,1,0,28,46
1727,1970,1,1,0,28,47
1728,1970,1,1,0,28,48
1729,1970,1,1,0,28,49
1730,1970,1,1,0,28,50
1731,1970,1,1,0,28,51
1732,1970,1,1,0,28,52
1733,1970,1,1,0,28,53
1734,1970,1,1,0,28,54
1735,1970,1,1,0,28,55
1736,1970,1,1,0,28,56
1737,1970,1,1,0,28,57
1738,1970,1,1,0,28,58
1739,1970,1,1,0,28,59
1740,1970,1,1,0,29,0
1741,1970,1,1,0,29,1
1742,1970,1,1,0,29,2
1743,1970,1,1,0,29,3
1744,1970,1,1,0,29,4
1745,1970,1,1,0,29,5
1746,1970,1,1,0,29,6
1747,1970,1,1,0,29,7
1748,1970,1,1,0,29,8
1749,1970,1,1,0,29,9
1750,1970,1,1,0,29,10
1751,1970,1,1,0,29,11
1752,1970,1,1,0,29,12
1753,1970,1,1,0,29,13
1754,1970,1,1,0,29,14
1755,1970,1,1,0,29,15
1756,1970,1,1,0,29,16
1757,1970,1,1,0,29,17
1758,1970,1,1,0,29,18
1759,1970,1,1,0,29,19
1760,1970,1,1,0,29,20
1761,1970,1,1,0,29,21
1762,1970,1,1,0,29,22
1763,1970,1,1,0,29,23
1764,1970,1,1,0,29,24
1765,1970,1,1,0,29,25
1766,1970,1,1,0,29,26
1767,1970,1,1,0,29,27
1768,1970,1,1,0,29,28
1769,1970,1,1,0,29,29
1770,1970,1,1,0,29,30
1771,1970,1,1,0,29,31
1772,1970,1,1,0,29,32
1773,1970,1,1,0,29,33
1774,1970,1,1,0,29,34
1775,1970,1,1,0,29,35
1776,1970,1,1,0,29,36
1777,1970,1,1,0,29,37
1778,1970,1,1,0,29,38
1779,1970,1,1,0,29,39
1780,1970,1,1,0,29,40
1781,1970,1,1,0,29,41
1782,1970,1,1,0,29,42
1783,1970,1,1,0,29,43
1784,1970,1,1,0,29,44
1785,1970,1,1,0,29,45
1786,1970,1,1,0,29,46
1787,1970,1,1,0,29,47
1788,1970,1,1,0,29,48
1789,1970,1,1,0,29,49
1790,1970,1,1,0,29,50
1791,1970,1,1,0,29,51
1792,1970,1,1,0,29,52
1793,1970,1,1,0,29,53
1794,1970,1,1,0,29,54
1795,1970,1,1,0,29,55
1796,1970,1,1,0,29,56
1797,1970,1,1,0,29,57
1798,1970,1,1,0,29,58
1799,1970,1,1,0,29,59
1800,1970,1,1,0,30,0
1801,1970,1,1,0,30,1
1802,1970,1,1,0,30,2
1803,1970,1,1,0,30,3
1804,1970,1,1,0,30,4
1805,1970,1,1,0,30,5
1806,1970,1,1,0,30,6
1807,1970,1,1,0,30,7
1808,1970,1,1,0,30,8
1809,1970,1,1,0,30,9
1810,1970,1,1,0,30,10
1811,1970,1,1,0,30,11
1812,1970,1,1,0,30,12
1813,1970,1,1,0,30,13
1814,1970,1,1,0,30,14
1815,1970,1,1,0,30,15
1816,1970,1,1,0,30,16
1817,1970,1,1,0,30,17
1818,1970,1,1,0,30,18
1819,1970,1,1,0,30,19
1820,1970,1,1,0,30,20
1821,1970,1,1,0,30,21
1822,1970,1,1,0,30,22
1823,1970,1,1,0,30,23
1824,1970,1,1,0,30,24
1825,1970,1,1,0,30,25
1826,1970,1,1,0,30,26
1827,1970,1,1,0,30,27
1828,1970,1,1,0,30,28
1829,1970,1,1,0,30,29
1830,1970,1,1,0,30,30
1831,1970,1,1,0,30,31
1832,1970,1,1,0,30,32
1833,1970,1,1,0,30,33
1834,1970,1,1,0,30,34
1835,1970,1,1,0,30,35
1836,1970,1,1,0,30,36
1837,1970,1,1,0,30,37
1838,1970,1,1,0,30,38
1839,1970,1,1,0,30,39
1840,1970,1,1,0,30,40
1841,1970,1,1,0,30,41
1842,1970,1,1,0,30,42
1843,1970,1,1,0,30,43
1844,1970,1,1,0,30,44
1845,1970,1,1,0,30,45
1846,1970,1,1,0,30,46
1847,1970,1,1,0,30,47
1848,1970,1,1,0,30,48
1849,1970,1,1,0,30,49
1850,1970,1,1,0,30,50
1851,1970,1,1,0,30,51
1852,1970,1,1,0,30,52
1853,1970,1,1,0,30,53
1854,1970,1,1,0,30,54
1855,1970,1,1,0,30,55
1856,1970,1,1,0,30,56
1857,1970,1,1,0,30,57
1858,1970,1,1,0,30,58
1859,1970,1,1,0,30,59
1860,1970,1,1,0,31,0
1861,1970,1,1,0,31,1
1862,1970,1,1,0,31,2
1863,1970,1,1,0,31,3
1864,1970,1,1,0,31,4
1865,1970,1,1,0,31,5
1866,1970,1,1,0,31,6
1867,1970,1,1,0,31,7
1868,1970,1,1,0,31,8
1869,1970,1,1,0,31,9
1870,1970,1,1,0,31,10
1871,1970,1,1,0,31,11
1872,1970,1,1,0,31,12
1873,1970,1,1,0,31,13
1874,1970,1,1,0,31,14
1875,1970,1,1,0,31,15
1876,1970,1,1,0,31,16
1877,1970,1,1,0,31,17
1878,1970,1,1,0,31,18
1879,1970,1,1,0,31,19
1880,1970,1,1,0,31,20
1881,1970,1,1,0,31,21
1882,1970,1,1,0,31,22
1883,1970,1,1,0,31,23
1884,1970,1,1,0,31,24
1885,1970,1,1,0,31,25
1886,1970,1,1,0,31,26
1887,1970,1,1,0,31,27
1888,1970,1,1,0,31,28
1889,1970,1,1,0,31,29
1890,1970,1,1,0,31,30
1891,1970,1,1,0,31,31
1892,1970,1,1,0,31,32
1893,1970,1,1,0,31,33
1894,1970,1,1,0,31,34
1895,1970,1,1,0,31,35
1896,1970,1,1,0,31,36
1897,1970,1,1,0,31,37
1898,1970,1,1,0,31,38
1899,1970,1,1,0,31,39
1900,1970,1,1,0,31,40
1901,1970,1,1,0,31,41
1902,1970,1,1,0,31,42
1903,1970,1,1,0,31,43
1904,1970,1,1,0,31,44
1905,1970,1,1,0,31,45
1906,1970,1,1,0,31,46
1907,1970,1,1,0,31,47
1908,1970,1,1,0,31,48
1909,1970,1,1,0,31,49
1910,1970,1,1,0,31,50
1911,1970,1,1,0,31,51
1912,1970,1,1,0,31,52
1913,1970,1,1,0,31,53
1914,1970,1,1,0,31,54
1915,1970,1,1,0,31,55
1916,1970,1,1,0,31,56
1917,1970,1,1,0,31,57
1918,1970,1,1,0,31,58
1919,1970,1,1,0,31,59
1920,1970,1,1,0,32,0
1921,1970,1,1,0,32,1
1922,1970,1,1,0,32,2
1923,1970,1,1,0,32,3
1924,1970,1,1,0,32,4
1925,1970,1,1,0,32,5
1926,1970,1,1,0,32,6
1927,1970,1,1,0,32,7
1928,1970,1,1,0,32,8
1929,1970,1,1,0,32,9
1930,1970,1,1,0,32,10
1931,1970,1,1,0,32,11
1932,1970,1,1,0,32,12
1933,1970,1,1,0,32,13
1934,1970,1,1,0,32,14
1935,1970,1,1,0,32,15
1936,1970,1,1,0,32,16
1937,1970,1,1,0,32,17
1938,1970,1,1,0,32,18
1939,1970,1,1,0,32,19
1940,1970,1,1,0,32,20
1941,1970,1,1,0,32,21
1942,1970,1,1,0,32,22
1943,1970,1,1,0,32,23
1944,1970,1,1,0,32,24
1945,1970,1,1,0,32,25
1946,1970,1,1,0,32,26
1947,1970,1,1,0,32,27
1948,1970,1,1,0,32,28
1949,1970,1,1,0,32,29
1950,1970,1,1,0,32,30
1951,1970,1,1,0,32,31
1952,1970,1,1,0,32,32
1953,1970,1,1,0,32,33
1954,1970,1,1,0,32,34
1955,1970,1,1,0,32,35
1956,1970,1,1,0,32,36
1957,1970,1,1,0,32,37
1958,1970,1,1,0,32,38
1959,1970,1,1,0,32,39
1960,1970,1,1,0,32,40
1961,1970,1,1,0,32,41
1962,1970,1,1,0,32,42
1963,1970,1,1,0,32,43
1964,1970,1,1,0,32,44
1965,1970,1,1,0,32,45
1966,1970,1,1,0,32,46
1967,1970,1,1,0,32,47
1968,1970,1,1,0,32,48
1969,1970,1,1,0,32,49
1970,1970,1,1,0,32,50
1971,1970,1,1,0,32,51
1972,1970,1,1,0,32,52
1973,1970,1,1,0,32,53
1974,1970,1,1,0,32,54
1975,1970,1,1,0,32,55
1976,1970,1,1,0,32,56
1977,1970,1,1,0,32,57
1978,1970,1,1,0,32,58
1979,1970,1,1,0,32,59
1980,1970,1,1,0,33,0
1981,1970,1,1,0,33,1
1982,1970,1,1,0,33,2
1983,1970,1,1,0,33,3
1984,1970,1,1,0,33,4
1985,1970,1,1,0,33,5
1986,1970,1,1,0,33,6
1987,1970,1,1,0,33,7
1988,1970,1,1,0,33,8
1989,1970,1,1,0,33,9
1990,1970,1,1,0,33,10
1991,1970,1,1,0,33,11
1992,1970,1,1,0,33,12
1993,1970,1,1,0,33,13
1994,1970,1,1,0,33,14
1995,1970,1,1,0,33,15
1996,1970,1,1,0,33,16
1997,1970,1,1,0,33,17
1998,1970,1,1,0,33,18
1999,1970,1,1,0,33,19
2000,1970,1,1,0,33,20
2001,1970,1,1,0,33,21
2002,1970,1,1,0,33,22
2003,1970,1,1,0,33,23
2004,1970,1,1,0,33,24
2005,1970,1,1,0,33,25
2006,1970,1,1,0,33,26
2007,1970,1,1,0,33,27
2008,1970,1,1,0,33,28
2009,1970,1,1,0,33,29
2010,1970,1,1,0,33,30
2011,1970,1,1,0,33,31
2012,1970,1,1,0,33,32
2013,1970,1,1,0,33,33
2014,1970,1,1,0,33,34
2015,1970,1,1,0,33,35
2016,1970,1,1,0,33,36
2017,1970,1,1,0,33,37
2018,1970,1,1,0,33,38
2019,1970,1,1,0,33,39
2020,1970,1,1,0,33,40
2021,1970,1,1,0,33,41
2022,1970,1,1,0,33,42
2023,1970,1,1,0,33,43
2024,1970,1,1,0,33,44
2025,1970,1,1,0,33,45
2026,1970,1,1,0,33,46
2027,1970,1,1,0,33,47
2028,1970,1,1,0,33,48
2029,1970,1,1,0,33,49
2030,1970,1,1,0,33,50
2031,1970,1,1,0,33,51
2032,1970,1,1,0,33,52
2033,1970,1,1,0,33,53
2034,1970,1,1,0,33,54
2035,1970,1,1,0,33,55
2036,1970,1,1,0,33,56
2037,1970,1,1,0,33,57
2038,1970,1,1,0,33,58
2039,1970,1,1,0,33,59
2040,1970,1,1,0,34,0
2041,1970,1,1,0,34,1
2042,1970,1,1,0,34,2
2043,1970,1,1,0,34,3
2044,1970,1,1,0,34,4
2045,1970,1,1,0,34,5
2046,1970,1,1,0,34,6
2047,1970,1,1,0,34,7
2048,1970,1,1,0,34,8
2049,1970,1,1,0,34,9
2050,1970,1,1,0,34,10
2051,1970,1,1,0,34,11
2052,1970,1,1,0,34,12
2053,1970,1,1,0,34,13
2054,1970,1,1,0,34,14
2055,1970,1,1,0,34,15
2056,1970,1,1,0,34,16
2057,1970,1,1,0,34,17
2058,1970,1,1,0,34,18
2059,1970,1,1,0,34,19
2060,1970,1,1,0,34,20
2061,1970,1,1,0,34,21
2062,1970,1,1,0,34,22
2063,1970,1,1,0,34,23
2064,1970,1,1,0,34,24
2065,1970,1,1,0,34,25
2066,1970,1,1,0,34,26
2067,1970,1,1,0,34,27
2068,1970,1,1,0,34,28
2069,1970,1,1,0,34,29
2070,1970,1,1,0,34,30
2071,1970,1,1,0,34,31
2072,1970,1,1,0,34,32
2073,1970,1,1,0,34,33
2074,1970,1,1,0,34,34
2075,1970,1,1,0,34,35
2076,1970,1,1,0,34,36
2077,1970,1,1,0,34,37
2078,1970,1,1,0,34,38
2079,1970,1,1,0,34,39
2080,1970,1,1,0,34,40
2081,1970,1,1,0,34,41
2082,1970,1,1,0,34,42
2083,1970,1,1,0,34,43
2084,1970,1,1,0,34,44
2085,1970,1,1,0,34,45
2086,1970,1,1,0,34,46
2087,1970,1,1,0,34,47
2088,1970,1,1,0,34,48
2089,1970,1,1,0,34,49
2090,1970,1,1,0,34,50
2091,1970,1,1,0,34,51
2092,1970,1,1,0,34,52
2093,1970,1,1,0,34,53
2094,1970,1,1,0,34,54
2095,1970,1,1,0,34,55
2096,1970,1,1,0,34,56
2097,1970,1,1,0,34,57
2098,1970,1,1,0,34,58
2099,1970,1,1,0,34,59
2100,1970,1,1,0,35,0
2101,1970,1,1,0,35,1
2102,1970,1,1,0,35,2
2103,1970,1,1,0,35,3
2104,1970,1,1,0,35,4
2105,1970,1,1,0,35,5
2106,1970,1,1,0,35,6
2107,1970,1,1,0,35,7
2108,1970,1,1,0,35,8
2109,1970,1,1,0,35,9
2110,1970,1,1,0,35,10
2111,1970,1,1,0,35,11
2112,1970,1,1,0,35,12
2113,1970,1,1,0,35,13
2114,1970,1,1,0,35,14
2115,1970,1,1,0,35,15
2116,1970,1,1,0,35,16
2117,1970,1,1,0,35,17
2118,1970,1,1,0,35,18
2119,1970,1,1,0,35,19
2120,1970,1,1,0,35,20
2121,1970,1,1,0,35,21
2122,1970,1,1,0,35,22
2123,1970,1,1,0,35,23
2124,1970,1,1,0,35,24
2125,1970,1,1,0,35,25
2126,1970,1,1,0,35,26
2127,1970,1,1,0,35,27
2128,1970,1,1,0,35,28
2129,1970,1,1,0,35,29
2130,1970,1,1,0,35,30
2131,1970,1,1,0,35,31
2132,1970,1,1,0,35,32
2133,1970,1,1,0,35,33
2134,1970,1,1,0,35,34
2135,1970,1,1,0,35,35
2136,1970,1,1,0,35,36
2137,1970,1,1,0,35,37
2138,1970,1,1,0,35,38
2139,1970,1,1,0,35,39
2140,1970,1,1,0,35,40
2141,1970,1,1,0,35,41
2142,1970,1,1,0,35,42
2143,1970,1,1,0,35,43
2144,1970,1,1,0,35,44
2145,1970,1,1,0,35,45
2146,1970,1,1,0,35,46
2147,1970,1,1,0,35,47
2148,1970,1,1,0,35,48
2149,1970,1,1,0,35,49
2150,1970,1,1,0,35,50
2151,1970,1,1,0,35,51
2152,1970,1,1,0,35,52
2153,1970,1,1,0,35,53
2154,1970,1,1,0,35,54
2155,1970,1,1,0,35,55
2156,1970,1,1,0,35,56
2157,1970,1,1,0,35,57
2158,1970,1,1,0,35,58
2159,1970,1,1,0,35,59
2160,1970,1,1,0,36,0
2161,1970,1,1,0,36,1
2162,1970,1,1,0,36,2
2163,1970,1,1,0,36,3
2164,1970,1,1,0,36,4
2165,1970,1,1,0,36,5
2166,1970,1,1,0,36,6
2167,1970,1,1,0,36,7
2168,1970,1,1,0,36,8
2169,1970,1,1,0,36,9
2170,1970,1,1,0,36,10
2171,1970,1,1,0,36,11
2172,1970,1,1,0,36,12
2173,1970,1,1,0,36,13
2174,1970,1,1,0,36,14
2175,1970,1,1,0,36,15
2176,1970,1,1,0,36,16
2177,1970,1,1,0,36,17
2178,1970,1,1,0,36,18
2179,1970,1,1,0,36,19
2180,1970,1,1,0,36,20
2181,1970,1,1,0,36,21
2182,1970,1,1,0,36,22
2183,1970,1,1,0,36,23
2184,1970,1,1,0,36,24
2185,1970,1,1,0,36,25
2186,1970,1,1,0,36,26
2187,1970,1,1,0,36,27
2188,1970,1,1,0,36,28
2189,1970,1,1,0,36,29
2190,1970,1,1,0,36,30
2191,1970,1,1,0,36,31
2192,1970,1,1,0,36,32
2193,1970,1,1,0,36,33
2194,1970,1,1,0,36,34
2195,1970,1,1,0,36,35
2196,1970,1,1,0,36,36
2197,1970,1,1,0,36,37
2198,1970,1,1,0,36,38
2199,1970,1,1,0,36,39
2200,1970,1,1,0,36,40
2201,1970,1,1,0,36,41
2202,1970,1,1,0,36,42
2203,1970,1,1,0,36,43
2204,1970,1,1,0,36,44
2205,1970,1,1,0,36,45
2206,1970,1,1,0,36,46
2207,1970,1,1,0,36,47
2208,1970,1,1,0,36,48
2209,1970,1,1,0,36,49
2210,1970,1,1,0,36,50
2211,1970,1,1,0,36,51
2212,1970,1,1,0,36,52
2213,1970,1,1,0,36,53
2214,1970,1,1,0,36,54
2215,1970,1,1,0,36,55
2216,1970,1,1,0,36,56
2217,1970,1,1,0,36,57
2218,1970,1,1,0,36,58
2219,1970,1,1,0,36,59
2220,1970,1,1,0,37,0
2221,1970,1,1,0,37,1
2222,1970,1,1,0,37,2
2223,1970,1,1,0,37,3
2224,1970,1,1,0,37,4
2225,1970,1,1,0,37,5
2226,1970,1,1,0,37,6
2227,1970,1,1,0,37,7
2228,1970,1,1,0,37,8
2229,1970,1,1,0,37,9
2230,1970,1,1,0,37,10
2231,1970,1,1,0,37,11
2232,1970,1,1,0,37,12
2233,1970,1,1,0,37,13
2234,1970,1,1,0,37,14
2235,1970,1,1,0,37,15
2236,1970,1,1,0,37,16
2237,1970,1,1,0,37,17
2238,1970,1,1,0,37,18
2239,1970,1,1,0,37,19
2240,1970,1,1,0,37,20
2241,1970,1,1,0,37,21
2242,1970,1,1,0,37,22
2243,1970,1,1,0,37,23
2244,1970,1,1,0,37,24
2245,1970,1,1,0,37,25
2246,1970,1,1,0,37,26
2247,1970,1,1,0,37,27
2248,1970,1,1,0,37,28
2249,1970,1,1,0,37,29
2250,1970,1,1,0,37,30
2251,1970,1,1,0,37,31
2252,1970,1,1,0,37,32
2253,1970,1,1,0,37,33
2254,1970,1,1,0,37,34
2255,1970,1,1,0,37,35
2256,1970,1,1,0,37,36
2257,1970,1,1,0,37,37
2258,1970,1,1,0,37,38
2259,1970,1,1,0,37,39
2260,1970,1,1,0,37,40
2261,1970,1,1,0,37,41
2262,1970,1,1,0,37,42
2263,1970,1,1,0,37,43
2264,1970,1,1,0,37,44
2265,1970,1,1,0,37,45
2266,1970,1,1,0,37,46
2267,1970,1,1,0,37,47
2268,1970,1,1,0,37,48
2269,1970,1,1,0,37,49
2270,1970,1,1,0,37,50
2271,1970,1,1,0,37,51
2272,1970,1,1,0,37,52
2273,1970,1,1,0,37,53
2274,1970,1,1,0,37,54
2275,1970,1,1,0,37,55
2276,1970,1,1,0,37,56
2277,1970,1,1,0,37,57
2278,1970,1,1,0,37,58
2279,1970,1,1,0,37,59
2280,1970,1,1,0,38,0
2281,1970,1,1,0,38,1
2282,1970,1,1,0,38,2
2283,1970,1,1,0,38,3
2284,1970,1,1,0,38,4
2285,1970,1,1,0,38,5
2286,1970,1,1,0,38,6
2287,1970,1,1,0,38,7
2288,1970,1,1,0,38,8
2289,1970,1,1,0,38,9
2290,1970,1,1,0,38,10
2291,1970,1,1,0,38,11
2292,1970,1,1,0,38,12
2293,1970,1,1,0,38,13
2294,1970,1,1,0,38,14
2295,1970,1,1,0,38,15
2296,1970,1,1,0,38,16
2297,1970,1,1,0,38,17
2298,1970,1,1,0,38,18
2299,1970,1,1,0,38,19
2300,1970,1,1,0,38,20
2301,1970,1,1,0,38,21
2302,1970,1,1,0,38,22
2303,1970,1,1,0,38,23
2304,1970,1,1,0,38,24
2305,1970,1,1,0,38,25
2306,1970,1,1,0,38,26
2307,1970,1,1,0,38,27
2308,1970,1,1,0,38,28
2309,1970,1,1,0,38,29
2310,1970,1,1,0,38,30
2311,1970,1,1,0,38,31
2312,1970,1,1,0,38,32
2313,1970,1,1,0,38,33
2314,1970,1,1,0,38,34
2315,1970,1,1,0,38,35
2316,1970,1,1,0,38,36
2317,1970,1,1,0,38,37
2318,1970,1,1,0,38,38
2319,1970,1,1,0,38,39
2320,1970,1,1,0,38,40
2321,1970,1,1,0,38,41
2322,1970,1,1,0,38,42
2323,1970,1,1,0,38,43
2324,1970,1,1,0,38,44
2325,1970,1,1,0,38,45
2326,1970,1,1,0,38,46
2327,1970,1,1,0,38,47
2328,1970,1,1,0,38,48
2329,1970,1,1,0,38,49
2330,1970,1,1,0,38,50
2331,1970,1,1,0,38,51
2332,1970,1,1,0,38,52
2333,1970,1,1,0,38,53
2334,1970,1,1,0,38,54
2335,1970,1,1,0,38,55
2336,1970,1,1,0,38,56
2337,1970,1,1,0,38,57
2338,1970,1,1,0,38,58
2339,1970,1,1,0,38,59
2340,1970,1,1,0,39,0
2341,1970,1,1,0,39,1
2342,1970,1,1,0,39,2
2343,1970,1,1,0,39,3
2344,1970,1,1,0,39,4
2345,1970,1,1,0,39,5
2346,1970,1,1,0,39,6
2347,1970,1,1,0,39,7
2348,1970,1,1,0,39,8
2349,1970,1,1,0,39,9
2350,1970,1,1,0,39,10
2351,1970,1,1,0,39,11
2352,1970,1,1,0,39,12
2353,1970,1,1,0,39,13
2354,1970,1,1,0,39,14
2355,1970,1,1,0,39,15
2356,1970,1,1,0,39,16
2357,1970,1,1,0,39,17
2358,1970,1,1,0,39,18
2359,1970,1,1,0,39,19
2360,1970,1,1,0,39,20
2361,1970,1,1,0,39,21
2362,1970,1,1,0,39,22
2363,1970,1,1,0,39,23
2364,1970,1,1,0,39,24
2365,1970,1,1,0,39,25
2366,1970,1,1,0,39,26
2367,1970,1,1,0,39,27
2368,1970,1,1,0,39,28
2369,1970,1,1,0,39,29
2370,1970,1,1,0,39,30
2371,1970,1,1,0,39,31
2372,1970,1,1,0,39,32
2373,1970,1,1,0,39,33
2374,1970,1,1,0,39,34
2375,1970,1,1,0,39,35
2376,1970,1,1,0,39,36
2377,1970,1,1,0,39,37
2378,1970,1,1,0,39,38
2379,1970,1,1,0,39,39
2380,1970,1,1,0,39,40
2381,1970,1,1,0,39,41
2382,1970,1,1,0,39,42
2383,1970,1,1,0,39,43
2384,1970,1,1,0,39,44
2385,1970,1,1,0,39,45
2386,1970,1,1,0,39,46
2387,1970,1,1,0,39,47
2388,1970,1,1,0,39,48
2389,1970,1,1,0,39,49
2390,1970,1,1,0,39,50
2391,1970,1,1,0,39,51
2392,1970,1,1,0,39,52
2393,1970,1,1,0,39,53
2394,1970,1,1,0,39,54
2395,1970,1,1,0,39,55
2396,1970,1,1,0,39,56
2397,1970,1,1,0,39,57
2398,1970,1,1,0,39,58
2399,1970,1,1,0,39,59
2400,1970,1,1,0,40,0
2401,1970,1,1,0,40,1
2402,1970,1,1,0,40,2
2403,1970,1,1,0,40,3
2404,1970,1,1,0,40,4
2405,1970,1,1,0,40,5
2406,1970,1,1,0,40,6
2407,1970,1,1,0,40,7
2408,1970,1,1,0,40,8
2409,1970,1,1,0,40,9
2410,1970,1,1,0,40,10
2411,1970,1,1,0,40,11
2412,1970,1,1,0,40,12
2413,1970,1,1,0,40,13
2414,1970,1,1,0,40,14
2415,1970,1,1,0,40,15
2416,1970,1,1,0,40,16
2417,1970,1,1,0,40,17
2418,1970,1,1,0,40,18
2419,1970,1,1,0,40,19
2420,1970,1,1,0,40,20
2421,1970,1,1,0,40,21
2422,1970,1,1,0,40,22
2423,1970,1,1,0,40,23
2424,1970,1,1,0,40,24
2425,1970,1,1,0,40,25
2426,1970,1,1,0,40,26
2427,1970,1,1,0,40,27
2428,1970,1,1,0,40,28
2429,1970,1,1,0,40,29
2430,1970,1,1,0,40,30
2431,1970,1,1,0,40,31
2432,1970,1,1,0,40,32
2433,1970,1,1,0,40,33
2434,1970,1,1,0,40,34
2435,1970,1,1,0,40,35
2436,1970,1,1,0,40,36
2437,1970,1,1,0,40,37
2438,1970,1,1,0,40,38
2439,1970,1,1,0,40,39
2440,1970,1,1,0,40,40
2441,1970,1,1,0,40,41
2442,1970,1,1,0,40,42
2443,1970,1,1,0,40,43
2444,1970,1,1,0,40,44
2445,1970,1,1,0,40,45
2446,1970,1,1,0,40,46
2447,1970,1,1,0,40,47
2448,1970,1,1,0,40,48
2449,1970,1,1,0,40,49
2450,1970,1,1,0,40,50
2451,1970,1,1,0,40,51
2452,1970,1,1,0,40,52
2453,1970,1,1,0,40,53
2454,1970,1,1,0,40,54
2455,1970,1,1,0,40,55
2456,1970,1,1,0,40,56
2457,1970,1,1,0,40,57
2458,1970,1,1,0,40,58
2459,1970,1,1,0,40,59
2460,1970,1,1,0,41,0
2461,1970,1,1,0,41,1
2462,1970,1,1,0,41,2
2463,1970,1,1,0,41,3
2464,1970,1,1,0,41,4
2465,1970,1,1,0,41,5
2466,1970,1,1,0,41,6
2467,1970,1,1,0,41,7
2468,1970,1,1,0,41,8
2469,1970,1,1,0,41,9
2470,1970,1,1,0,41,10
2471,1970,1,1,0,41,11
2472,1970,1,1,0,41,12
2473,1970,1,1,0,41,13
2474,1970,1,1,0,41,14
2475,1970,1,1,0,41,15
2476,1970,1,1,0,41,16
2477,1970,1,1,0,41,17
2478,1970,1,1,0,41,18
2479,1970,1,1,0,41,19
2480,1970,1,1,0,41,20
2481,1970,1,1,0,41,21
2482,1970,1,1,0,41,22
2483,1970,1,1,0,41,23
2484,1970,1,1,0,41,24
2485,1970,1,1,0,41,25
2486,1970,1,1,0,41,26
2487,1970,1,1,0,41,27
2488,1970,1,1,0,41,28
2489,1970,1,1,0,41,29
2490,1970,1,1,0,41,30
2491,1970,1,1,0,41,31
2492,1970,1,1,0,41,32
2493,1970,1,1,0,41,33
2494,1970,1,1,0,41,34
2495,1970,1,1,0,41,35
2496,1970,1,1,0,41,36
2497,1970,1,1,0,41,37
2498,1970,1,1,0,41,38
2499,1970,1,1,0,41,39
2500,1970,1,1,0,41,40
2501,1970,1,1,0,41,41
2502,1970,1,1,0,41,42
2503,1970,1,1,0,41,43
2504,1970,1,1,0,41,44
2505,1970,1,1,0,41,45
2506,1970,1,1,0,41,46
2507,1970,1,1,0,41,47
2508,1970,1,1,0,41,48
2509,1970,1,1,0,41,49
2510,1970,1,1,0,41,50
2511,1970,1,1,0,41,51
2512,1970,1,1,0,41,52
2513,1970,1,1,0,41,53
2514,1970,1,1,0,41,54
2515,1970,1,1,0,41,55
2516,1970,1,1,0,41,56
2517,1970,1,1,0,41,57
2518,1970,1,1,0,41,58
2519,1970,1,1,0,41,59
2520,1970,1,1,0,42,0
2521,1970,1,1,0,42,1
2522,1970,1,1,0,42,2
2523,1970,1,1,0,42,3
2524,1970,1,1,0,42,4
2525,1970,1,1,0,42,5
2526,1970,1,1,0,42,6
2527,1970,1,1,0,42,7
2528,1970,1,1,0,42,8
2529,1970,1,1,0,42,9
2530,1970,1,1,0,42,10
2531,1970,1,1,0,42,11
2532,1970,1,1,0,42,12
2533,1970,1,1,0,42,13
2534,1970,1,1,0,42,14
2535,1970,1,1,0,42,15
2536,1970,1,1,0,42,16
2537,1970,1,1,0,42,17
2538,1970,1,1,0,42,18
2539,1970,1,1,0,42,19
2540,1970,1,1,0,42,20
2541,1970,1,1,0,42,21
2542,1970,1,1,0,42,22
2543,1970,1,1,0,42,23
2544,1970,1,1,0,42,24
2545,1970,1,1,0,42,25
2546,1970,1,1,0,42,26
2547,1970,1,1,0,42,27
2548,1970,1,1,0,42,28
2549,1970,1,1,0,42,29
2550,1970,1,1,0,42,30
2551,1970,1,1,0,42,31
2552,1970,1,1,0,42,32
2553,1970,1,1,0,42,33
2554,1970,1,1,0,42,34
2555,1970,1,1,0,42,35
2556,1970,1,1,0,42,36
2557,1970,1,1,0,42,37
2558,1970,1,1,0,42,38
2559,1970,1,1,0,42,39
2560,1970,1,1,0,42,40
2561,1970,1,1,0,42,41
2562,1970,1,1,0,42,42
2563,1970,1,1,0,42,43
2564,1970,1,1,0,42,44
2565,1970,1,1,0,42,45
2566,1970,1,1,0,42,46
2567,1970,1,1,0,42,47
2568,1970,1,1,0,42,48
2569,1970,1,1,0,42,49
2570,1970,1,1,0,42,50
2571,1970,1,1,0,42,51
2572,1970,1,1,0,42,52
2573,1970,1,1,0,42,53
2574,1970,1,1,0,42,54
2575,1970,1,1,0,42,55
2576,1970,1,1,0,42,56
2577,1970,1,1,0,42,57
2578,1970,1,1,0,42,58
2579,1970,1,1,0,42,59
2580,1970,1,1,0,43,0
2581,1970,1,1,0,43,1
2582,1970,1,1,0,43,2
2583,1970,1,1,0,43,3
2584,1970,1,1,0,43,4
2585,1970,1,1,0,43,5
2586,1970,1,1,0,43,6
2587,1970,1,1,0,43,7
2588,1970,1,1,0,43,8
2589,1970,1,1,0,43,9
2590,1970,1,1,0,43,10
2591,1970,1,1,0,43,11
2592,1970,1,1,0,43,12
2593,1970,1,1,0,43,13
2594,1970,1,1,0,43,14
2595,1970,1,1,0,43,15
2596,1970,1,1,0,43,16
2597,1970,1,1,0,43,17
2598,1970,1,1,0,43,18
2599,1970,1,1,0,43,19
2600,1970,1,1,0,43,20
2601,1970,1,1,0,43,21
2602,1970,1,1,0,43,22
2603,1970,1,1,0,43,23
2604,1970,1,1,0,43,24
2605,1970,1,1,0,43,25
2606,1970,1,1,0,43,26
2607,1970,1,1,0,43,27
2608,1970,1,1,0,43,28
2609,1970,1,1,0,43,29
2610,1970,1,1,0,43,30
2611,1970,1,1,0,43,31
2612,1970,1,1,0,43,32
2613,1970,1,1,0,43,33
2614,1970,1,1,0,43,34
2615,1970,1,1,0,43,35
2616,1970,1,1,0,43,36
2617,1970,1,1,0,43,37
2618,1970,1,1,0,43,38
2619,1970,1,1,0,43,39
2620,1970,1,1,0,43,40
2621,1970,1,1,0,43,41
2622,1970,1,1,0,43,42
2623,1970,1,1,0,43,43
2624,1970,1,1,0,43,44
2625,1970,1,1,0,43,45
2626,1970,1,1,0,43,46
2627,1970,1,1,0,43,47
2628,1970,1,1,0,43,48
2629,1970,1,1,0,43,49
2630,1970,1,1,0,43,50
2631,1970,1,1,0,43,51
2632,1970,1,1,0,43,52
2633,1970,1,1,0,43,53
2634,1970,1,1,0,43,54
2635,1970,1,1,0,43,55
2636,1970,1,1,0,43,56
2637,1970,1,1,0,43,57
2638,1970,1,1,0,43,58
2639,1970,1,1,0,43,59
2640,1970,1,1,0,44,0
2641,1970,1,1,0,44,1
2642,1970,1,1,0,44,2
2643,1970,1,1,0,44,3
2644,1970,1,1,0,44,4
2645,1970,1,1,0,44,5
2646,1970,1,1,0,44,6
2647,1970,1,1,0,44,7
2648,1970,1,1,0,44,8
2649,1970,1,1,0,44,9
2650,1970,1,1,0,44,10
2651,1970,1,1,0,44,11
2652,1970,1,1,0,44,12
2653,1970,1,1,0,44,13
2654,1970,1,1,0,44,14
2655,1970,1,1,0,44,15
2656,1970,1,1,0,44,16
2657,1970,1,1,0,44,17
2658,1970,1,1,0,44,18
2659,1970,1,1,0,44,19
2660,1970,1,1,0,44,20
2661,1970,1,1,0,44,21
2662,1970,1,1,0,44,22
2663,1970,1,1,0,44,23
2664,1970,1,1,0,44,24
2665,1970,1,1,0,44,25
2666,1970,1,1,0,44,26
2667,1970,1,1,0,44,27
2668,1970,1,1,0,44,28
2669,1970,1,1,0,44,29
2670,1970,1,1,0,44,30
2671,1970,1,1,0,44,31
2672,1970,1,1,0,44,32
2673,1970,1,1,0,44,33
2674,1970,1,1,0,44,34
2675,1970,1,1,0,44,35
2676,1970,1,1,0,44,36
2677,1970,1,1,0,44,37
2678,1970,1,1,0,44,38
2679,1970,1,1,0,44,39
2680,1970,1,1,0,44,40
2681,1970,1,1,0,44,41
2682,1970,1,1,0,44,42
2683,1970,1,1,0,44,43
2684,1970,1,1,0,44,44
2685,1970,1,1,0,44,45
2686,1970,1,1,0,44,46
2687,1970,1,1,0,44,47
2688,1970,1,1,0,44,48
2689,1970,1,1,0,44,49
2690,1970,1,1,0,44,50
2691,1970,1,1,0,44,51
2692,1970,1,1,0,44,52
2693,1970,1,1,0,44,53
2694,1970,1,1,0,44,54
2695,1970,1,1,0,44,55
2696,1970,1,1,0,44,56
2697,1970,1,1,0,44,57
2698,1970,1,1,0,44,58
2699,1970,1,1,0,44,59
2700,1970,1,1,0,45,0
2701,1970,1,1,0,45,1
2702,1970,1,1,0,45,2
2703,1970,1,1,0,45,3
2704,1970,1,1,0,45,4
2705,1970,1,1,0,45,5
2706,1970,1,1,0,45,6
2707,1970,1,1,0,45,7
2708,1970,1,1,0,45,8
2709,1970,1,1,0,45,9
2710,1970,1,1,0,45,10
2711,1970,1,1,0,45,11
2712,1970,1,1,0,45,12
2713,1970,1,1,0,45,13
2714,1970,1,1,0,45,14
2715,1970,1,1,0,45,15
2716,1970,1,1,0,45,16
2717,1970,1,1,0,45,17
2718,1970,1,1,0,45,18
2719,1970,1,1,0,45,19
2720,1970,1,1,0,45,20
2721,1970,1,1,0,45,21
2722,1970,1,1,0,45,22
2723,1970,1,1,0,45,23
2724,1970,1,1,0,45,24
2725,1970,1,1,0,45,25
2726,1970,1,1,0,45,26
2727,1970,1,1,0,45,27
2728,1970,1,1,0,45,28
2729,1970,1,1,0,45,29
2730,1970,1,1,0,45,30
2731,1970,1,1,0,45,31
2732,1970,1,1,0,45,32
2733,1970,1,1,0,45,33
2734,1970,1,1,0,45,34
2735,1970,1,1,0,45,35
2736,1970,1,1,0,45,36
2737,1970,1,1,0,45,37
2738,1970,1,1,0,45,38
2739,1970,1,1,0,45,39
2740,1970,1,1,0,45,40
2741,1970,1,1,0,45,41
2742,1970,1,1,0,45,42
2743,1970,1,1,0,45,43
2744,1970,1,1,0,45,44
2745,1970,1,1,0,45,45
2746,1970,1,1,0,45,46
2747,1970,1,1,0,45,47
2748,1970,1,1,0,45,48
2749,1970,1,1,0,45,49
2750,1970,1,1,0,45,50
2751,1970,1,1,0,45,51
2752,1970,1,1,0,45,52
2753,1970,1,1,0,45,53
2754,1970,1,1,0,45,54
2755,1970,1,1,0,45,55
2756,1970,1,1,0,45,56
2757,1970,1,1,0,45,57
2758,1970,1,1,0,45,58
2759,1970,1,1,0,45,59
2760,1970,1,1,0,46,0
2761,1970,1,1,0,46,1
2762,1970,1,1,0,46,2
2763,1970,1,1,0,46,3
2764,1970,1,1,0,46,4
2765,1970,1,1,0,46,5
2766,1970,1,1,0,46,6
2767,1970,1,1,0,46,7
2768,1970,1,1,0,46,8
2769,1970,1,1,0,46,9
2770,1970,1,1,0,46,10
2771,1970,1,1,0,46,11
2772,1970,1,1,0,46,12
2773,1970,1,1,0,46,13
2774,1970,1,1,0,46,14
2775,1970,1,1,0,46,15
2776,1970,1,1,0,46,16
2777,1970,1,1,0,46,17
2778,1970,1,1,0,46,18
2779,1970,1,1,0,46,19
2780,1970,1,1,0,46,20
2781,1970,1,1,0,46,21
2782,1970,1,1,0,46,22
2783,1970,1,1,0,46,23
2784,1970,1,1,0,46,24
2785,1970,1,1,0,46,25
2786,1970,1,1,0,46,26
2787,1970,1,1,0,46,27
2788,1970,1,1,0,46,28
2789,1970,1,1,0,46,29
2790,1970,1,1,0,46,30
2791,1970,1,1,0,46,31
2792,1970,1,1,0,46,32
2793,1970,1,1,0,46,33
2794,1970,1,1,0,46,34
2795,1970,1,1,0,46,35
2796,1970,1,1,0,46,36
2797,1970,1,1,0,46,37
2798,1970,1,1,0,46,38
2799,1970,1,1,0,46,39
2800,1970,1,1,0,46,40
2801,1970,1,1,0,46,41
2802,1970,1,1,0,46,42
2803,1970,1,1,0,46,43
2804,1970,1,1,0,46,44
2805,1970,1,1,0,46,45
2806,1970,1,1,0,46,46
2807,1970,1,1,0,46,47
2808,1970,1,1,0,46,48
2809,1970,1,1,0,46,49
2810,1970,1,1,0,46,50
2811,1970,1,1,0,46,51
2812,1970,1,1,0,46,52
2813,1970,1,1,0,46,53
2814,1970,1,1,0,46,54
2815,1970,1,1,0,46,55
2816,1970,1,1,0,46,56
2817,1970,1,1,0,46,57
2818,1970,1,1,0,46,58
2819,1970,1,1,0,46,59
2820,1970,1,1,0,47,0
2821,1970,1,1,0,47,1
2822,1970,1,1,0,47,2
2823,1970,1,1,0,47,3
2824,1970,1,1,0,47,4
2825,1970,1,1,0,47,5
2826,1970,1,1,0,47,6
2827,1970,1,1,0,47,7
2828,1970,1,1,0,47,8
2829,1970,1,1,0,47,9
2830,1970,1,1,0,47,10
2831,1970,1,1,0,47,11
2832,1970,1,1,0,47,12
2833,1970,1,1,0,47,13
2834,1970,1,1,0,47,14
2835,1970,1,1,0,47,15
2836,1970,1,1,0,47,16
2837,1970,1,1,0,47,17
2838,1970,1,1,0,47,18
2839,1970,1,1,0,47,19
2840,1970,1,1,0,47,20
2841,1970,1,1,0,47,21
2842,1970,1,1,0,47,22
2843,1970,1,1,0,47,23
2844,1970,1,1,0,47,24
2845,1970,1,1,0,47,25
2846,1970,1,1,0,47,26
2847,1970,1,1,0,47,27
2848,1970,1,1,0,47,28
2849,1970,1,1,0,47,29
2850,1970,1,1,0,47,30
2851,1970,1,1,0,47,31
2852,1970,1,1,0,47,32
2853,1970,1,1,0,47,33
2854,1970,1,1,0,47,34
2855,1970,1,1,0,47,35
2856,1970,1,1,0,47,36
2857,1970,1,1,0,47,37
2858,1970,1,1,0,47,38
2859,1970,1,1,0,47,39
2860,1970,1,1,0,47,40
2861,1970,1,1,0,47,41
2862,1970,1,1,0,47,42
2863,1970,1,1,0,47,43
2864,1970,1,1,0,47,44
2865,1970,1,1,0,47,45
2866,1970,1,1,0,47,46
2867,1970,1,1,0,47,47
2868,1970,1,1,0,47,48
2869,1970,1,1,0,47,49
2870,1970,1,1,0,47,50
2871,1970,1,1,0,47,51
2872,1970,1,1,0,47,52
2873,1970,1,1,0,47,53
2874,1970,1,1,0,47,54
2875,1970,1,1,0,47,55
2876,1970,1,1,0,47,56
2877,1970,1,1,0,47,57
2878,1970,1,1,0,47,58
2879,1970,1,1,0,47,59
2880,1970,1,1,0,48,0
2881,1970,1,1,0,48,1
2882,1970,1,1,0,48,2
2883,1970,1,1,0,48,3
2884,1970,1,1,0,48,4
2885,1970,1,1,0,48,5
2886,1970,1,1,0,48,6
2887,1970,1,1,0,48,7
2888,1970,1,1,0,48,8
2889,1970,1,1,0,48,9
2890,1970,1,1,0,48,10
2891,1970,1,1,0,48,11
2892,1970,1,1,0,48,12
2893,1970,1,1,0,48,13
2894,1970,1,1,0,48,14
2895,1970,1,1,0,48,15
2896,1970,1,1,0,48,16
2897,1970,1,1,0,48,17
2898,1970,1,1,0,48,18
2899,1970,1,1,0,48,19
2900,1970,1,1,0,48,20
2901,1970,1,1,0,48,21
2902,1970,1,1,0,48,22
2903,1970,1,1,0,48,23
2904,1970,1,1,0,48,24
2905,1970,1,1,0,48,25
2906,1970,1,1,0,48,26
2907,1970,1,1,0,48,27
2908,1970,1,1,0,48,28
2909,1970,1,1,0,48,29
2910,1970,1,1,0,48,30
2911,1970,1,1,0,48,31
2912,1970,1,1,0,48,32
2913,1970,1,1,0,48,33
2914,1970,1,1,0,48,34
2915,1970,1,1,0,48,35
2916,1970,1,1,0,48,36
2917,1970,1,1,0,48,37
2918,1970,1,1,0,48,38
2919,1970,1,1,0,48,39
2920,1970,1,1,0,48,40
2921,1970,1,1,0,48,41
2922,1970,1,1,0,48,42
2923,1970,1,1,0,48,43
2924,1970,1,1,0,48,44
2925,1970,1,1,0,48,45
2926,1970,1,1,0,48,46
2927,1970,1,1,0,48,47
2928,1970,1,1,0,48,48
2929,1970,1,1,0,48,49
2930,1970,1,1,0,48,50
2931,1970,1,1,0,48,51
2932,1970,1,1,0,48,52
2933,1970,1,1,0,48,53
2934,1970,1,1,0,48,54
2935,1970,1,1,0,48,55
2936,1970,1,1,0,48,56
2937,1970,1,1,0,48,57
2938,1970,1,1,0,48,58
2939,1970,1,1,0,48,59
2940,1970,1,1,0,49,0
2941,1970,1,1,0,49,1
2942,1970,1,1,0,49,2
2943,1970,1,1,0,49,3
2944,1970,1,1,0,49,4
2945,1970,1,1,0,49,5
2946,1970,1,1,0,49,6
2947,1970,1,1,0,49,7
2948,1970,1,1,0,49,8
2949,1970,1,1,0,49,9
2950,1970,1,1,0,49,10
2951,1970,1,1,0,49,11
2952,1970,1,1,0,49,12
2953,1970,1,1,0,49,13
2954,1970,1,1,0,49,14
2955,1970,1,1,0,49,15
2956,1970,1,1,0,49,16
2957,1970,1,1,0,49,17
2958,1970,1,1,0,49,18
2959,1970,1,1,0,49,19
2960,1970,1,1,0,49,20
2961,1970,1,1,0,49,21
2962,1970,1,1,0,49,22
2963,1970,1,1,0,49,23
2964,1970,1,1,0,49,24
2965,1970,1,1,0,49,25
2966,1970,1,1,0,49,26
2967,1970,1,1,0,49,27
2968,1970,1,1,0,49,28
2969,1970,1,1,0,49,29
2970,1970,1,1,0,49,30
2971,1970,1,1,0,49,31
2972,1970,1,1,0,49,32
2973,1970,1,1,0,49,33
2974,1970,1,1,0,49,34
2975,1970,1,1,0,49,35
2976,1970,1,1,0,49,36
2977,1970,1,1,0,49,37
2978,1970,1,1,0,49,38
2979,1970,1,1,0,49,39
2980,1970,1,1,0,49,40
2981,1970,1,1,0,49,41
2982,1970,1,1,0,49,42
2983,1970,1,1,0,49,43
2984,1970,1,1,0,49,44
2985,1970,1,1,0,49,45
2986,1970,1,1,0,49,46
2987,1970,1,1,0,49,47
